7824,7841,7843,7875,7870,7843,7857,7857,7853,7857,7847,7877,7858,7872,7876,7854,7844,7854,7876,7861,7862,7885,7862,7872,7869,7877,7878,7870,7870,7884,7868,7876,7875,7881,7867,7874,7886,7872,7881,7878,7879,7882,7872,7894,7883,7890,7875,7898,7877,7881,7877,7882,7869,7873,7869,7875,7900,7901,7877,7866,7869,7864,7866,7870,7875,7883,7868,7877,7869,7870,7862,7840,7864,7869,7874,7863,7864,7881,7861,7842,
7836,7849,7827,7875,7854,7847,7867,7869,7864,7855,7854,7867,7849,7867,7865,7866,7837,7871,7860,7860,7872,7877,7863,7883,7864,7866,7877,7864,7874,7878,7876,7884,7873,7873,7876,7869,7893,7872,7877,7879,7876,7886,7881,7887,7886,7887,7877,7900,7871,7884,7872,7887,7887,7893,7873,7883,7885,7888,7867,7881,7875,7875,7880,7886,7875,7857,7872,7857,7873,7875,7875,7848,7869,7865,7872,7885,7864,7869,7862,7825,
7841,7857,7841,7859,7862,7843,7860,7858,7861,7860,7860,7859,7846,7871,7862,7881,7859,7876,7870,7870,7877,7872,7855,7861,7867,7880,7874,7874,7868,7879,7865,7873,7879,7872,7876,7874,7881,7876,7873,7873,7879,7883,7880,7889,7872,7889,7882,7898,7878,7878,7873,7883,7881,7871,7881,7876,7896,7884,7872,7868,7865,7883,7877,7878,7883,7865,7867,7887,7875,7870,7865,7852,7872,7854,7885,7861,7870,7874,7863,7840,
7836,7850,7838,7864,7861,7852,7863,7861,7865,7871,7862,7878,7858,7866,7863,7868,7846,7871,7860,7885,7867,7883,7867,7886,7871,7879,7864,7867,7878,7888,7875,7873,7880,7885,7880,7881,7878,7880,7890,7873,7887,7881,7873,7884,7881,7895,7882,7897,7890,7885,7875,7877,7878,7870,7873,7885,7894,7881,7869,7870,7869,7869,7867,7891,7887,7878,7872,7879,7881,7880,7879,7855,7863,7863,7883,7865,7865,7859,7852,7848,
7859,7857,7834,7873,7868,7856,7861,7853,7859,7853,7860,7865,7859,7872,7888,7863,7854,7863,7862,7871,7880,7874,7858,7887,7864,7857,7875,7872,7875,7881,7871,7877,7889,7889,7869,7877,7891,7880,7889,7878,7876,7880,7886,7894,7885,7892,7890,7893,7892,7884,7873,7887,7884,7880,7876,7885,7895,7877,7879,7881,7874,7886,7875,7875,7877,7883,7874,7875,7877,7872,7872,7858,7863,7858,7875,7884,7861,7874,7869,7849,
7850,7867,7851,7862,7862,7845,7868,7859,7853,7866,7867,7871,7868,7884,7876,7873,7866,7864,7879,7857,7866,7879,7873,7895,7880,7889,7884,7878,7878,7888,7882,7882,7874,7883,7870,7887,7884,7884,7878,7878,7886,7885,7884,7895,7894,7894,7881,7883,7883,7890,7880,7884,7873,7885,7889,7884,7907,7890,7881,7880,7874,7873,7881,7884,7883,7876,7883,7874,7885,7871,7879,7858,7870,7850,7852,7867,7874,7858,7883,7859,
7845,7848,7839,7874,7875,7842,7864,7870,7860,7862,7867,7881,7864,7881,7879,7869,7859,7874,7887,7874,7881,7875,7868,7885,7871,7881,7872,7875,7881,7871,7870,7881,7891,7890,7880,7880,7889,7886,7887,7879,7889,7887,7890,7899,7894,7902,7890,7893,7881,7882,7876,7883,7890,7873,7888,7874,7894,7904,7875,7881,7884,7879,7883,7888,7879,7880,7887,7876,7884,7876,7876,7862,7872,7862,7880,7874,7858,7875,7869,7840,
7861,7850,7847,7877,7869,7856,7861,7864,7868,7873,7873,7878,7877,7878,7870,7870,7839,7860,7875,7880,7881,7872,7868,7895,7871,7886,7882,7887,7893,7880,7883,7877,7891,7900,7887,7888,7892,7882,7881,7884,7894,7884,7879,7903,7889,7887,7893,7907,7886,7901,7877,7883,7890,7885,7888,7894,7907,7891,7887,7876,7875,7870,7883,7874,7896,7882,7880,7876,7884,7871,7880,7874,7889,7862,7871,7868,7875,7876,7860,7842,
7850,7868,7847,7870,7870,7861,7870,7867,7870,7889,7866,7883,7871,7874,7877,7870,7866,7870,7868,7866,7875,7885,7880,7885,7876,7880,7878,7883,7890,7874,7876,7882,7900,7896,7883,7890,7890,7876,7889,7874,7873,7889,7891,7896,7894,7889,7900,7906,7886,7892,7885,7890,7897,7898,7884,7889,7902,7886,7879,7878,7891,7881,7878,7884,7886,7888,7889,7887,7883,7887,7876,7863,7886,7867,7884,7882,7867,7877,7883,7884,
7842,7856,7857,7865,7869,7855,7870,7864,7872,7870,7866,7876,7861,7878,7883,7878,7856,7859,7879,7882,7868,7887,7878,7893,7878,7884,7869,7879,7884,7893,7886,7881,7897,7905,7888,7884,7891,7886,7890,7890,7873,7887,7890,7895,7888,7897,7895,7909,7894,7903,7892,7880,7894,7892,7881,7884,7894,7886,7889,7880,7879,7871,7881,7884,7875,7887,7887,7883,7880,7880,7876,7879,7872,7873,7888,7882,7870,7878,7876,7853,
7845,7847,7840,7869,7866,7869,7874,7854,7863,7885,7867,7862,7861,7867,7877,7878,7858,7868,7882,7879,7881,7879,7868,7880,7877,7884,7880,7893,7903,7884,7889,7880,7896,7892,7891,7881,7893,7893,7892,7878,7886,7891,7898,7894,7894,7897,7892,7907,7886,7884,7888,7889,7895,7896,7884,7898,7888,7896,7890,7879,7884,7880,7878,7883,7883,7882,7889,7872,7890,7875,7872,7880,7877,7871,7883,7871,7869,7870,7875,7882,
7836,7844,7848,7883,7876,7862,7886,7869,7858,7890,7869,7875,7862,7875,7878,7874,7862,7866,7879,7868,7872,7881,7888,7899,7876,7888,7874,7896,7894,7888,7891,7887,7905,7897,7893,7892,7901,7901,7894,7893,7893,7894,7903,7896,7892,7890,7901,7910,7887,7906,7897,7894,7895,7906,7896,7900,7903,7886,7887,7886,7883,7888,7884,7877,7879,7885,7884,7882,7873,7884,7874,7866,7882,7878,7878,7867,7874,7870,7873,7864,
7848,7872,7847,7872,7873,7866,7876,7850,7868,7872,7875,7875,7872,7872,7884,7885,7875,7856,7878,7876,7890,7885,7874,7885,7884,7876,7885,7876,7896,7890,7883,7887,7899,7912,7891,7888,7904,7889,7891,7893,7892,7905,7894,7896,7903,7899,7901,7907,7898,7906,7910,7901,7902,7902,7897,7893,7911,7901,7879,7888,7883,7885,7892,7884,7876,7881,7889,7888,7880,7879,7879,7866,7885,7868,7886,7877,7867,7866,7879,7868,
7843,7853,7856,7859,7872,7864,7878,7865,7868,7872,7871,7883,7876,7866,7890,7878,7862,7865,7886,7887,7880,7878,7883,7890,7885,7892,7876,7894,7896,7891,7892,7888,7905,7909,7898,7898,7889,7883,7903,7891,7892,7892,7901,7903,7898,7896,7901,7910,7896,7904,7905,7891,7890,7908,7897,7883,7896,7899,7900,7886,7891,7896,7884,7885,7890,7891,7894,7897,7889,7889,7891,7879,7888,7880,7892,7872,7878,7874,7884,7881,
7845,7851,7852,7874,7876,7877,7872,7861,7864,7883,7865,7881,7877,7881,7890,7890,7876,7879,7883,7880,7879,7885,7887,7891,7876,7895,7882,7900,7899,7902,7893,7886,7906,7903,7902,7898,7898,7906,7902,7890,7892,7909,7912,7895,7903,7906,7901,7919,7908,7909,7906,7900,7899,7908,7911,7891,7910,7899,7899,7883,7902,7889,7878,7892,7887,7889,7891,7891,7883,7875,7884,7880,7895,7871,7876,7886,7873,7886,7881,7879,
7848,7848,7852,7881,7885,7888,7880,7878,7873,7873,7872,7876,7880,7892,7878,7890,7862,7878,7881,7883,7873,7885,7884,7893,7876,7894,7878,7888,7894,7893,7895,7900,7903,7911,7900,7905,7909,7895,7920,7909,7902,7907,7908,7910,7915,7910,7914,7914,7907,7907,7908,7904,7906,7900,7907,7907,7903,7906,7906,7899,7904,7893,7894,7893,7907,7883,7893,7886,7889,7879,7889,7870,7888,7871,7892,7890,7870,7873,7885,7879,
7866,7855,7872,7879,7872,7865,7875,7871,7882,7871,7872,7885,7876,7878,7890,7878,7875,7869,7887,7874,7887,7889,7884,7895,7881,7890,7887,7896,7899,7905,7900,7892,7907,7910,7900,7901,7921,7909,7901,7906,7915,7904,7920,7921,7908,7927,7923,7917,7913,7921,7915,7908,7912,7909,7920,7908,7905,7900,7901,7890,7907,7904,7901,7900,7897,7906,7898,7886,7881,7880,7895,7870,7883,7871,7883,7884,7889,7872,7876,7873,
7857,7857,7876,7875,7885,7866,7872,7877,7878,7888,7872,7885,7883,7876,7880,7879,7875,7878,7879,7885,7888,7893,7881,7907,7867,7895,7905,7900,7887,7910,7896,7893,7920,7923,7915,7914,7925,7916,7916,7913,7927,7918,7934,7926,7932,7923,7930,7932,7919,7921,7926,7920,7930,7908,7913,7913,7920,7915,7904,7901,7911,7901,7898,7899,7908,7899,7897,7887,7901,7892,7892,7875,7873,7880,7897,7884,7866,7864,7893,7872,
7842,7845,7862,7869,7885,7861,7871,7866,7880,7885,7881,7894,7886,7886,7889,7881,7876,7868,7872,7881,7892,7895,7884,7898,7888,7895,7898,7906,7903,7909,7916,7895,7928,7925,7916,7920,7939,7923,7927,7928,7937,7930,7940,7937,7939,7948,7923,7948,7939,7936,7925,7933,7934,7930,7934,7913,7926,7924,7919,7903,7911,7908,7917,7906,7905,7906,7891,7892,7900,7886,7879,7870,7886,7877,7883,7880,7868,7879,7889,7874,
7864,7866,7863,7873,7882,7870,7878,7869,7885,7868,7882,7887,7886,7876,7890,7882,7860,7879,7883,7885,7890,7891,7891,7908,7885,7905,7900,7914,7917,7918,7910,7916,7923,7941,7922,7930,7944,7936,7933,7940,7945,7936,7955,7956,7961,7948,7945,7948,7948,7948,7944,7938,7931,7922,7938,7929,7936,7924,7921,7908,7912,7906,7920,7907,7906,7907,7900,7884,7909,7884,7884,7884,7886,7884,7885,7893,7878,7876,7873,7863,
7844,7863,7866,7875,7889,7874,7879,7870,7877,7885,7886,7897,7878,7872,7885,7876,7883,7880,7885,7877,7888,7898,7890,7909,7896,7902,7902,7907,7912,7915,7916,7916,7933,7935,7928,7935,7948,7942,7946,7965,7956,7957,7954,7948,7951,7956,7952,7963,7943,7947,7956,7946,7944,7941,7939,7941,7940,7940,7935,7918,7917,7909,7919,7912,7922,7899,7909,7895,7903,7886,7888,7892,7879,7891,7887,7878,7867,7868,7875,7873,
7855,7865,7881,7882,7883,7872,7882,7870,7888,7887,7874,7887,7892,7881,7876,7883,7870,7886,7881,7884,7896,7894,7894,7904,7889,7909,7906,7913,7922,7926,7928,7930,7945,7945,7940,7944,7973,7975,7979,7984,7975,7980,7976,7974,7973,7970,7962,7965,7963,7962,7959,7953,7963,7958,7957,7954,7945,7942,7933,7922,7926,7926,7926,7913,7917,7906,7892,7899,7901,7887,7889,7888,7881,7878,7892,7880,7867,7877,7883,7859,
7871,7868,7863,7894,7877,7872,7879,7878,7883,7880,7883,7891,7888,7888,7882,7881,7883,7873,7889,7888,7889,7910,7887,7901,7899,7901,7909,7914,7918,7935,7936,7933,7946,7971,7956,7954,7993,8011,8034,8020,8029,8021,8018,8016,8007,7995,7991,7992,7997,7979,7961,7976,7976,8003,8011,7995,7988,7960,7934,7933,7936,7931,7913,7921,7924,7923,7906,7890,7898,7885,7891,7895,7881,7879,7888,7899,7882,7873,7885,7875,
7853,7878,7876,7879,7886,7876,7883,7874,7885,7888,7897,7887,7892,7885,7882,7887,7886,7886,7881,7876,7893,7904,7886,7898,7901,7913,7922,7931,7928,7936,7948,7949,7968,7974,7964,7968,8001,8019,8037,8033,8040,8043,8048,8046,8047,8035,8028,8035,8020,8016,7994,8003,8024,8030,8044,8035,8022,7982,7962,7937,7932,7938,7926,7914,7926,7913,7902,7913,7901,7891,7894,7897,7896,7877,7901,7888,7879,7881,7875,7873,
7868,7867,7868,7888,7874,7882,7889,7870,7889,7891,7877,7867,7890,7886,7898,7882,7877,7889,7879,7882,7901,7901,7898,7912,7902,7914,7936,7922,7938,7951,7953,7966,7971,7991,7972,7976,8006,8005,8029,8044,8051,8069,8076,8076,8077,8063,8061,8060,8041,8036,8023,8038,8033,8047,8054,8039,8040,8014,7992,7958,7952,7951,7944,7920,7930,7915,7910,7897,7907,7894,7898,7887,7893,7905,7903,7883,7885,7877,7875,7873,
7877,7875,7886,7887,7882,7866,7886,7886,7874,7897,7887,7895,7897,7874,7894,7872,7877,7887,7891,7884,7890,7914,7907,7906,7915,7926,7930,7920,7942,7945,7963,7963,7981,7999,7984,7999,8013,8011,8022,8034,8038,8057,8069,8080,8080,8073,8072,8071,8064,8056,8062,8048,8049,8049,8074,8047,8044,8017,8005,7992,7982,7974,7960,7934,7929,7917,7918,7900,7911,7899,7896,7900,7896,7894,7900,7892,7887,7883,7879,7883,
7888,7879,7886,7891,7898,7876,7875,7874,7892,7889,7890,7892,7879,7878,7892,7882,7873,7896,7881,7908,7895,7902,7905,7922,7910,7914,7935,7936,7941,7951,7970,7982,7990,8013,8020,8022,8042,8008,8018,8033,8045,8059,8070,8092,8093,8072,8078,8071,8078,8075,8065,8052,8064,8066,8090,8055,8051,8035,8024,7988,7973,7975,7961,7935,7932,7924,7913,7896,7908,7893,7900,7900,7878,7888,7899,7887,7872,7883,7902,7865,
7880,7870,7888,7887,7899,7884,7883,7880,7891,7895,7884,7878,7891,7883,7882,7883,7873,7879,7888,7901,7895,7903,7924,7913,7918,7925,7942,7930,7951,7961,7971,7985,8001,8029,8033,8039,8030,7998,8006,8027,8033,8056,8068,8073,8087,8086,8076,8081,8077,8073,8063,8052,8062,8070,8098,8074,8042,8047,8020,7965,7963,7953,7945,7926,7925,7929,7916,7912,7915,7905,7885,7885,7888,7893,7884,7881,7883,7876,7893,7882,
7874,7892,7883,7887,7897,7885,7882,7880,7874,7886,7881,7879,7899,7883,7891,7886,7873,7893,7893,7905,7891,7904,7915,7923,7912,7930,7945,7956,7959,7963,7973,7985,7998,8035,8049,8041,8037,8010,8015,8028,8051,8052,8068,8080,8082,8078,8075,8092,8066,8073,8067,8058,8068,8075,8096,8069,8050,8042,8015,7971,7965,7947,7929,7926,7936,7910,7920,7906,7906,7894,7893,7889,7893,7896,7896,7891,7891,7876,7876,7874,
7881,7880,7886,7897,7884,7877,7888,7883,7894,7891,7888,7884,7880,7876,7892,7886,7876,7884,7901,7900,7893,7915,7913,7922,7911,7930,7942,7954,7954,7964,7975,7989,8008,8040,8037,8039,8052,8041,8054,8048,8055,8069,8070,8087,8098,8077,8085,8078,8075,8089,8060,8052,8060,8074,8095,8072,8046,8048,8022,7985,7961,7960,7955,7939,7940,7921,7903,7903,7910,7896,7886,7890,7893,7897,7902,7882,7890,7883,7883,7890,
7886,7879,7889,7904,7901,7882,7900,7879,7893,7893,7894,7893,7890,7883,7896,7896,7884,7889,7894,7891,7898,7911,7911,7919,7919,7926,7918,7934,7937,7959,7958,7978,8000,8025,8027,8043,8064,8056,8066,8060,8049,8064,8071,8095,8085,8084,8076,8079,8070,8069,8057,8043,8054,8074,8083,8051,8041,8041,8026,8003,7984,7978,7964,7935,7940,7924,7919,7907,7913,7901,7890,7881,7901,7892,7889,7897,7884,7871,7890,7890,
7874,7896,7889,7900,7899,7879,7890,7880,7903,7893,7889,7889,7888,7878,7905,7891,7872,7878,7897,7914,7895,7904,7907,7913,7909,7924,7924,7922,7936,7953,7955,7973,7991,8011,8007,8018,8044,8023,8036,8040,8051,8056,8075,8084,8079,8064,8070,8066,8063,8057,8037,8038,8049,8068,8070,8046,8036,8024,8006,7988,7964,7953,7948,7937,7922,7911,7917,7912,7913,7907,7895,7894,7890,7901,7890,7867,7886,7873,7881,7871,
7890,7893,7888,7901,7905,7893,7905,7869,7890,7885,7884,7905,7883,7891,7900,7892,7892,7881,7911,7899,7897,7914,7911,7902,7910,7929,7931,7929,7931,7939,7947,7971,7980,7994,7987,7998,8005,8001,8012,8039,8050,8056,8060,8054,8069,8059,8056,8054,8052,8028,8016,8017,8039,8045,8051,8029,8030,8012,7981,7963,7955,7943,7951,7919,7921,7916,7915,7903,7898,7895,7892,7895,7890,7886,7902,7905,7884,7879,7874,7861,
7877,7891,7882,7888,7904,7873,7901,7860,7898,7885,7882,7888,7881,7898,7894,7887,7886,7885,7884,7890,7896,7910,7912,7914,7915,7909,7923,7925,7933,7934,7948,7962,7963,7993,7980,7981,7994,8003,8029,8029,8046,8047,8035,8043,8040,8025,8015,8004,7987,8000,7986,7995,8009,8011,8031,8017,8014,7980,7972,7941,7938,7942,7932,7926,7931,7914,7918,7906,7904,7894,7884,7889,7887,7892,7890,7906,7878,7879,7881,7875,
7873,7887,7893,7893,7900,7892,7903,7879,7887,7890,7881,7902,7884,7898,7894,7882,7882,7877,7893,7898,7903,7911,7902,7918,7913,7922,7931,7925,7932,7928,7940,7957,7959,7978,7969,7980,7982,8002,8021,8028,8024,8014,8001,8000,7996,7992,7976,7979,7981,7963,7969,7967,7980,7984,7991,7993,7980,7961,7953,7933,7935,7939,7932,7928,7911,7915,7915,7898,7901,7889,7892,7887,7898,7890,7887,7899,7889,7876,7871,7880,
7873,7878,7882,7894,7904,7888,7888,7872,7878,7900,7893,7892,7883,7896,7885,7885,7868,7889,7889,7899,7904,7912,7906,7922,7911,7916,7920,7918,7929,7928,7929,7952,7955,7963,7962,7975,7971,7975,7986,7985,7992,7981,7969,7984,7969,7968,7970,7962,7968,7957,7943,7947,7954,7947,7949,7949,7954,7939,7951,7946,7926,7933,7931,7914,7925,7920,7921,7899,7897,7888,7885,7884,7901,7891,7893,7881,7883,7886,7877,7877,
7876,7901,7882,7891,7893,7888,7889,7874,7885,7891,7888,7890,7884,7893,7891,7891,7888,7880,7892,7893,7910,7909,7915,7913,7915,7914,7911,7918,7927,7921,7934,7944,7956,7964,7943,7950,7958,7968,7961,7954,7961,7963,7966,7976,7955,7959,7962,7965,7953,7957,7949,7941,7949,7943,7948,7928,7944,7948,7936,7917,7921,7931,7922,7905,7917,7910,7904,7895,7903,7905,7898,7883,7883,7887,7898,7891,7881,7872,7876,7876,
7883,7889,7887,7901,7899,7885,7899,7879,7892,7892,7878,7898,7881,7902,7904,7895,7885,7880,7898,7894,7902,7906,7902,7905,7917,7921,7904,7922,7923,7937,7935,7948,7942,7949,7939,7942,7949,7942,7940,7952,7956,7954,7953,7952,7944,7953,7958,7961,7951,7959,7939,7941,7945,7937,7950,7929,7945,7932,7931,7922,7916,7923,7916,7892,7901,7920,7900,7900,7896,7896,7894,7880,7894,7897,7903,7898,7888,7880,7882,7879,
7876,7889,7897,7895,7893,7892,7903,7874,7889,7899,7899,7898,7897,7896,7899,7896,7879,7891,7897,7893,7906,7910,7926,7927,7913,7908,7917,7918,7917,7922,7925,7932,7940,7957,7935,7933,7939,7936,7938,7928,7946,7945,7945,7941,7941,7943,7941,7947,7941,7935,7932,7937,7926,7933,7939,7920,7923,7931,7927,7923,7919,7917,7915,7914,7917,7919,7901,7897,7902,7900,7898,7889,7894,7894,7881,7896,7878,7887,7896,7872,
7879,7892,7893,7899,7909,7876,7893,7875,7890,7892,7885,7906,7884,7898,7892,7893,7891,7882,7889,7898,7907,7906,7898,7910,7907,7906,7914,7906,7904,7919,7911,7919,7936,7936,7923,7927,7927,7916,7926,7932,7942,7919,7924,7937,7937,7941,7939,7941,7924,7927,7930,7930,7920,7929,7911,7935,7932,7926,7916,7906,7909,7921,7896,7911,7897,7910,7910,7898,7900,7891,7883,7890,7901,7899,7892,7894,7879,7877,7883,7873,
7880,7892,7892,7897,7904,7884,7892,7876,7881,7893,7902,7899,7894,7888,7894,7898,7890,7878,7896,7904,7909,7903,7901,7908,7900,7896,7910,7903,7918,7911,7914,7919,7921,7924,7914,7914,7926,7922,7932,7915,7917,7927,7916,7921,7933,7928,7923,7934,7938,7932,7934,7917,7923,7923,7910,7916,7913,7914,7900,7912,7901,7904,7915,7905,7921,7926,7900,7896,7901,7896,7886,7887,7878,7884,7888,7880,7886,7878,7884,7884,
7878,7892,7905,7901,7907,7892,7894,7895,7883,7893,7886,7889,7882,7896,7901,7893,7877,7881,7894,7891,7897,7889,7906,7904,7890,7903,7912,7911,7909,7915,7914,7920,7920,7913,7909,7914,7922,7911,7912,7921,7912,7925,7921,7922,7931,7919,7910,7934,7930,7917,7916,7927,7924,7933,7932,7916,7927,7918,7918,7922,7915,7900,7917,7897,7902,7906,7908,7895,7899,7903,7891,7880,7883,7889,7894,7887,7884,7879,7874,7882,
7874,7882,7897,7897,7899,7890,7902,7885,7888,7898,7897,7885,7896,7885,7898,7893,7893,7881,7897,7892,7901,7896,7895,7909,7904,7898,7903,7902,7894,7901,7902,7908,7919,7914,7912,7913,7918,7909,7910,7907,7915,7918,7923,7916,7927,7919,7926,7931,7931,7914,7918,7914,7926,7922,7919,7909,7920,7915,7914,7903,7900,7909,7906,7910,7909,7904,7900,7897,7894,7891,7895,7881,7891,7895,7889,7874,7892,7874,7886,7869,
7876,7888,7893,7909,7893,7889,7892,7880,7891,7905,7902,7910,7882,7897,7895,7881,7877,7877,7897,7895,7901,7902,7895,7910,7891,7897,7903,7898,7903,7906,7893,7926,7915,7910,7899,7910,7919,7910,7914,7913,7910,7905,7921,7904,7929,7917,7918,7918,7923,7923,7918,7913,7918,7916,7915,7920,7908,7906,7913,7900,7896,7915,7907,7907,7914,7911,7898,7892,7896,7901,7893,7877,7893,7879,7892,7886,7884,7879,7874,7887,
7866,7892,7890,7896,7904,7890,7894,7878,7893,7886,7888,7889,7895,7894,7899,7892,7889,7875,7899,7897,7900,7897,7891,7909,7899,7903,7900,7903,7892,7903,7905,7922,7918,7916,7895,7899,7921,7923,7909,7913,7913,7905,7913,7913,7914,7920,7904,7923,7914,7913,7921,7911,7915,7907,7925,7918,7910,7905,7909,7896,7901,7913,7903,7917,7910,7913,7895,7896,7896,7885,7903,7876,7887,7891,7893,7883,7885,7884,7874,7872,
7890,7895,7906,7890,7906,7889,7898,7893,7888,7896,7888,7888,7891,7897,7909,7899,7877,7891,7893,7884,7900,7890,7898,7907,7898,7893,7910,7894,7899,7901,7892,7917,7919,7924,7897,7912,7914,7909,7912,7918,7911,7914,7905,7923,7916,7914,7921,7920,7917,7920,7913,7915,7920,7911,7905,7913,7906,7912,7913,7905,7910,7897,7905,7901,7899,7906,7908,7901,7899,7900,7882,7874,7891,7884,7900,7889,7881,7887,7880,7859,
7882,7893,7901,7907,7902,7885,7890,7885,7899,7896,7898,7907,7893,7892,7896,7884,7879,7884,7898,7891,7897,7895,7890,7907,7899,7913,7913,7900,7903,7897,7906,7916,7924,7898,7900,7904,7913,7905,7904,7902,7912,7905,7908,7914,7922,7900,7924,7920,7922,7911,7912,7911,7911,7904,7911,7905,7904,7912,7900,7897,7901,7899,7897,7901,7903,7918,7895,7893,7902,7888,7891,7884,7884,7892,7876,7883,7879,7875,7880,7870,
7880,7875,7898,7888,7888,7900,7899,7882,7889,7909,7899,7885,7886,7896,7898,7884,7883,7879,7889,7898,7897,7890,7891,7897,7893,7906,7900,7903,7891,7912,7893,7910,7914,7910,7898,7901,7916,7900,7902,7898,7907,7910,7914,7907,7907,7902,7898,7924,7915,7904,7909,7905,7907,7913,7918,7911,7904,7900,7895,7903,7898,7899,7896,7887,7901,7905,7907,7895,7895,7898,7887,7880,7895,7894,7895,7889,7874,7874,7875,7862,
7882,7891,7882,7899,7901,7888,7902,7897,7885,7885,7895,7894,7898,7899,7888,7880,7893,7880,7886,7887,7889,7905,7893,7903,7887,7893,7896,7896,7891,7900,7907,7897,7918,7905,7902,7898,7922,7910,7914,7904,7909,7901,7909,7920,7925,7917,7912,7924,7917,7917,7908,7908,7904,7920,7913,7894,7907,7907,7903,7892,7894,7897,7904,7907,7910,7892,7906,7901,7899,7897,7898,7896,7904,7892,7896,7897,7881,7877,7880,7877,
7875,7887,7893,7894,7907,7895,7894,7887,7891,7886,7887,7891,7905,7887,7886,7893,7887,7886,7889,7883,7893,7898,7880,7906,7890,7894,7891,7899,7900,7899,7897,7902,7914,7924,7898,7910,7915,7919,7908,7906,7912,7903,7902,7914,7925,7920,7910,7904,7906,7913,7906,7905,7902,7922,7904,7909,7912,7907,7907,7891,7895,7884,7896,7890,7903,7898,7907,7896,7903,7887,7892,7894,7901,7886,7879,7889,7895,7878,7882,7871,
7877,7879,7888,7891,7907,7892,7895,7890,7889,7887,7882,7886,7906,7889,7897,7882,7886,7890,7894,7892,7905,7893,7894,7910,7890,7892,7895,7901,7902,7901,7899,7901,7914,7912,7897,7896,7902,7909,7910,7903,7916,7916,7906,7904,7922,7909,7900,7905,7904,7916,7903,7908,7908,7913,7906,7907,7912,7904,7909,7895,7888,7894,7896,7908,7909,7895,7899,7895,7904,7884,7902,7893,7905,7888,7899,7907,7882,7875,7881,7869,
7881,7882,7898,7893,7894,7890,7886,7901,7885,7894,7889,7897,7899,7896,7888,7894,7889,7890,7890,7891,7899,7906,7883,7903,7903,7894,7883,7901,7892,7900,7904,7899,7915,7913,7902,7909,7914,7906,7898,7897,7898,7908,7905,7917,7920,7918,7902,7918,7906,7908,7910,7920,7907,7902,7911,7897,7905,7890,7906,7902,7891,7901,7904,7911,7901,7907,7903,7887,7896,7895,7890,7884,7911,7878,7894,7893,7880,7868,7873,7854,
7876,7872,7903,7899,7898,7882,7895,7884,7881,7894,7891,7884,7901,7896,7894,7887,7892,7889,7886,7885,7900,7904,7895,7898,7893,7896,7892,7899,7903,7903,7911,7899,7906,7911,7896,7893,7906,7907,7909,7899,7898,7913,7905,7902,7913,7917,7905,7910,7901,7914,7901,7919,7907,7914,7919,7902,7906,7897,7902,7893,7903,7895,7901,7897,7907,7898,7892,7896,7882,7887,7892,7893,7900,7884,7894,7897,7875,7870,7890,7862,
7891,7886,7896,7891,7912,7888,7892,7889,7883,7880,7880,7884,7894,7888,7896,7888,7878,7880,7894,7894,7896,7901,7899,7909,7884,7890,7899,7893,7899,7904,7905,7903,7918,7916,7899,7904,7917,7898,7916,7913,7895,7901,7899,7907,7908,7920,7911,7916,7900,7913,7902,7905,7910,7911,7910,7908,7898,7902,7911,7908,7903,7897,7893,7899,7902,7902,7902,7907,7898,7898,7894,7891,7903,7875,7901,7889,7892,7883,7879,7846,
7873,7885,7889,7882,7890,7899,7897,7883,7882,7893,7888,7894,7911,7890,7893,7885,7887,7897,7890,7884,7898,7902,7901,7897,7895,7879,7889,7898,7893,7903,7907,7896,7926,7921,7897,7907,7921,7906,7908,7904,7900,7906,7901,7910,7914,7917,7905,7922,7904,7918,7898,7906,7917,7909,7904,7906,7913,7899,7907,7889,7901,7901,7898,7902,7915,7896,7909,7891,7905,7885,7888,7890,7883,7883,7881,7875,7865,7872,7869,7864,
7890,7877,7892,7875,7905,7887,7888,7884,7879,7881,7889,7898,7906,7894,7889,7880,7890,7878,7886,7879,7887,7907,7891,7895,7898,7902,7886,7901,7903,7892,7908,7894,7910,7910,7904,7903,7922,7902,7912,7908,7899,7905,7907,7899,7920,7917,7902,7914,7906,7912,7900,7899,7914,7918,7916,7910,7907,7902,7896,7896,7891,7890,7892,7893,7904,7897,7900,7894,7903,7886,7889,7879,7900,7870,7884,7894,7874,7873,7864,7859,
7869,7876,7886,7884,7906,7896,7890,7882,7892,7901,7892,7890,7876,7893,7893,7900,7875,7888,7885,7895,7890,7901,7893,7899,7893,7901,7902,7902,7889,7911,7905,7913,7912,7912,7897,7921,7907,7902,7900,7909,7901,7903,7897,7907,7905,7901,7914,7929,7910,7907,7908,7902,7911,7905,7908,7920,7900,7898,7904,7888,7905,7898,7895,7918,7910,7897,7904,7897,7907,7904,7883,7871,7891,7880,7890,7889,7870,7869,7883,7861,
7851,7883,7879,7882,7905,7888,7896,7888,7896,7873,7886,7886,7898,7891,7893,7893,7886,7874,7892,7897,7884,7888,7895,7890,7887,7902,7900,7905,7898,7916,7909,7914,7934,7930,7919,7924,7918,7921,7921,7913,7900,7909,7900,7912,7912,7919,7918,7915,7911,7909,7908,7916,7911,7902,7900,7914,7911,7906,7911,7899,7898,7907,7910,7906,7901,7901,7910,7894,7895,7884,7890,7874,7887,7890,7897,7873,7851,7864,7879,7855,
7855,7862,7873,7880,7896,7880,7900,7876,7882,7901,7888,7891,7886,7893,7894,7891,7871,7878,7892,7890,7889,7887,7899,7904,7893,7897,7905,7899,7911,7914,7907,7919,7932,8000,7942,7923,7926,7909,7924,7907,7902,7908,7906,7918,7915,7915,7923,7916,7919,7905,7912,7898,7908,7903,7906,7907,7917,7899,7902,7892,7900,7902,7893,7895,7901,7892,7893,7904,7904,7892,7898,7883,7878,7887,7882,7873,7885,7869,7899,7845,
7861,7866,7873,7872,7905,7873,7894,7878,7892,7881,7878,7886,7891,7889,7895,7899,7882,7886,7896,7893,7883,7899,7884,7902,7891,7895,7896,7911,7901,7909,7898,7916,7936,7989,7981,7920,7914,7913,7917,7908,7916,7912,7901,7911,7930,7912,7911,7923,7923,7918,7915,7903,7906,7907,7901,7921,7918,7900,7904,7894,7904,7908,7912,7913,7910,7901,7921,7903,7900,7890,7889,7894,7878,7886,7887,7883,7868,7869,7874,7844,
31.63,27.66,False,1,0,18,32,17,32