7867,7842,7872,7867,7887,7873,7860,7861,7873,7876,7883,7881,7888,7861,7869,7869,7891,7896,7895,7899,7893,7886,7892,7889,7893,7906,7880,7853,7890,7902,7890,7878,7904,7868,7887,7904,7881,7902,7879,7884,7897,7906,7886,7895,7900,7897,7905,7927,7904,7901,7907,7926,7907,7893,7911,7893,7908,7924,7914,7898,7913,7902,7901,7911,7912,7914,7921,7878,7904,7903,7898,7891,7888,7898,7894,7880,7884,7904,7871,7888,
7863,7873,7861,7873,7867,7872,7879,7879,7893,7874,7889,7871,7879,7863,7865,7884,7882,7908,7897,7891,7900,7878,7879,7886,7898,7893,7881,7879,7875,7882,7892,7896,7894,7875,7887,7896,7885,7891,7897,7882,7897,7901,7900,7892,7902,7906,7910,7906,7892,7887,7915,7925,7931,7914,7920,7904,7932,7895,7908,7911,7921,7896,7896,7899,7920,7926,7899,7894,7905,7897,7905,7895,7902,7902,7890,7888,7882,7902,7864,7881,
7872,7874,7877,7864,7872,7877,7875,7872,7892,7876,7895,7878,7875,7865,7858,7873,7885,7908,7887,7880,7885,7881,7876,7891,7889,7894,7881,7880,7864,7888,7897,7886,7899,7875,7899,7901,7890,7899,7889,7880,7902,7908,7894,7904,7908,7912,7919,7899,7899,7905,7925,7920,7921,7901,7920,7916,7930,7929,7924,7909,7920,7908,7911,7918,7930,7902,7921,7901,7902,7890,7896,7901,7909,7896,7901,7908,7901,7877,7887,7883,
7884,7868,7860,7859,7881,7878,7884,7870,7881,7878,7906,7887,7894,7860,7870,7868,7889,7903,7893,7899,7882,7879,7882,7890,7891,7884,7875,7880,7880,7908,7899,7895,7907,7875,7882,7907,7902,7909,7897,7890,7900,7904,7898,7906,7904,7910,7920,7911,7897,7913,7918,7922,7917,7902,7923,7907,7931,7920,7902,7918,7919,7908,7927,7931,7942,7934,7922,7904,7912,7912,7902,7911,7923,7909,7894,7902,7895,7894,7890,7882,
7855,7881,7864,7867,7896,7868,7871,7865,7886,7857,7870,7871,7865,7845,7862,7881,7884,7898,7890,7888,7893,7876,7886,7899,7886,7886,7878,7882,7891,7897,7911,7908,7908,7899,7887,7910,7900,7897,7898,7899,7903,7892,7901,7906,7889,7903,7913,7897,7919,7911,7922,7924,7922,7909,7915,7925,7927,7927,7919,7919,7917,7915,7925,7923,7928,7935,7926,7893,7911,7907,7910,7919,7927,7928,7908,7916,7889,7900,7915,7900,
7861,7874,7863,7869,7874,7887,7875,7879,7871,7859,7884,7888,7879,7871,7861,7870,7874,7881,7875,7864,7890,7878,7882,7918,7875,7893,7875,7879,7887,7911,7918,7908,7890,7879,7880,7897,7901,7901,7891,7894,7889,7899,7897,7906,7919,7902,7905,7896,7907,7919,7925,7919,7914,7912,7938,7931,7942,7938,7923,7943,7932,7920,7929,7931,7942,7943,7937,7917,7931,7917,7925,7917,7917,7922,7894,7911,7899,7914,7911,7926,
7845,7857,7852,7849,7872,7874,7871,7876,7871,7866,7885,7892,7881,7869,7873,7877,7868,7897,7892,7879,7894,7877,7879,7893,7890,7898,7876,7882,7883,7890,7915,7875,7909,7890,7891,7921,7910,7908,7905,7891,7899,7900,7903,7901,7906,7912,7924,7907,7921,7903,7936,7924,7930,7932,7938,7922,7941,7933,7936,7936,7928,7934,7923,7936,7949,7959,7941,7921,7941,7919,7930,7922,7928,7928,7916,7924,7896,7917,7909,7907,
7870,7865,7859,7862,7876,7884,7887,7865,7884,7867,7891,7886,7873,7859,7858,7868,7889,7889,7877,7895,7888,7868,7870,7895,7907,7896,7872,7893,7879,7895,7895,7894,7907,7887,7895,7917,7909,7907,7896,7883,7896,7900,7911,7919,7914,7921,7913,7919,7920,7900,7925,7924,7932,7921,7936,7927,7943,7949,7948,7943,7938,7944,7937,7941,7954,7949,7943,7929,7933,7927,7926,7942,7952,7940,7912,7904,7918,7909,7897,7912,
7887,7882,7871,7862,7879,7874,7879,7864,7885,7871,7877,7884,7879,7872,7875,7878,7884,7897,7891,7898,7887,7880,7903,7896,7893,7890,7893,7888,7905,7903,7893,7894,7898,7887,7897,7909,7902,7911,7896,7897,7897,7924,7909,7906,7911,7914,7919,7932,7925,7922,7902,7952,7950,7943,7943,7936,7955,7960,7937,7972,7958,7966,7946,7964,7983,7966,7939,7947,7958,7938,7929,7938,7941,7943,7928,7932,7924,7915,7928,7918,
7870,7879,7886,7868,7879,7878,7883,7863,7883,7863,7895,7895,7884,7869,7877,7863,7883,7900,7893,7898,7895,7895,7889,7914,7896,7901,7885,7882,7889,7904,7901,7889,7907,7887,7897,7899,7904,7910,7902,7888,7907,7927,7896,7912,7914,7916,7935,7923,7925,7927,7934,7948,7931,7953,7943,7937,7977,7958,7947,7976,7980,7960,7958,7986,7978,7969,7959,7948,7965,7945,7949,7953,7934,7936,7954,7931,7928,7927,7918,7923,
7856,7872,7864,7869,7899,7895,7881,7852,7878,7854,7917,7879,7881,7882,7881,7873,7883,7899,7893,7894,7899,7900,7886,7892,7887,7888,7905,7887,7893,7898,7915,7868,7909,7899,7893,7904,7893,7903,7894,7894,7910,7914,7911,7922,7901,7920,7933,7930,7937,7923,7942,7943,7942,7952,7957,7949,7982,7977,7953,8001,8011,8020,8016,8017,8013,8007,7976,7958,7963,7947,7947,7969,7945,7958,7949,7938,7937,7949,7924,7918,
7860,7873,7872,7871,7902,7869,7893,7880,7887,7874,7915,7902,7877,7879,7878,7891,7877,7904,7893,7889,7893,7898,7882,7901,7909,7894,7881,7889,7892,7913,7916,7905,7897,7882,7903,7914,7897,7916,7908,7923,7914,7914,7913,7915,7921,7931,7934,7944,7937,7928,7946,7958,7952,7956,7960,7951,7990,7999,7998,8047,8066,8093,8085,8084,8082,8081,8045,7978,8000,7963,7961,7977,7957,7961,7958,7954,7958,7955,7946,7934,
7868,7878,7878,7871,7890,7897,7885,7865,7892,7872,7886,7891,7878,7880,7874,7867,7885,7893,7882,7890,7886,7899,7891,7904,7898,7892,7898,7871,7896,7902,7900,7886,7903,7900,7904,7906,7911,7914,7914,7903,7917,7921,7912,7919,7915,7937,7932,7940,7937,7928,7956,7959,7963,7960,7982,7984,8031,8064,8070,8121,8110,8121,8101,8103,8104,8100,8078,8003,7987,7966,7978,7963,7961,7974,7971,7953,7958,7964,7957,7949,
7873,7888,7878,7859,7891,7900,7897,7880,7889,7883,7899,7895,7878,7871,7871,7879,7880,7896,7893,7892,7892,7886,7890,7898,7899,7893,7893,7889,7893,7910,7900,7890,7901,7897,7915,7903,7908,7905,7896,7897,7926,7913,7914,7918,7909,7940,7937,7932,7954,7939,7958,7961,7967,7974,7993,8005,8081,8107,8090,8133,8139,8140,8110,8110,8115,8089,8075,8026,8007,7977,7989,8001,7987,7989,7984,7970,7980,7971,7955,7963,
7863,7860,7874,7861,7896,7891,7898,7864,7888,7876,7894,7897,7871,7881,7879,7884,7878,7897,7885,7896,7884,7886,7887,7900,7896,7901,7897,7887,7898,7913,7899,7897,7899,7898,7889,7901,7910,7910,7902,7903,7921,7928,7916,7904,7925,7943,7931,7940,7952,7933,7934,7967,7989,7996,8022,8070,8111,8118,8108,8143,8137,8136,8102,8106,8105,8097,8066,8056,8020,7989,7989,7995,8003,8017,8003,8008,8004,7975,7987,7970,
7883,7885,7890,7874,7892,7883,7895,7876,7891,7877,7918,7903,7884,7888,7874,7881,7886,7898,7899,7886,7908,7888,7888,7912,7901,7898,7904,7895,7898,7908,7909,7902,7910,7901,7904,7923,7909,7907,7897,7908,7929,7924,7907,7922,7925,7943,7953,7940,7945,7959,7963,7974,7995,8029,8074,8099,8126,8136,8128,8145,8137,8121,8083,8117,8154,8118,8088,8051,8038,8019,8030,8039,8067,8071,8052,8070,8043,8028,7992,7989,
7886,7894,7892,7876,7907,7884,7890,7885,7906,7863,7896,7898,7895,7871,7885,7882,7896,7910,7884,7890,7892,7904,7900,7906,7901,7893,7888,7884,7893,7913,7921,7892,7912,7900,7916,7916,7926,7911,7914,7909,7928,7920,7931,7933,7919,7954,7965,7965,7951,7961,7995,8008,8057,8091,8114,8111,8137,8130,8131,8135,8121,8113,8126,8174,8190,8166,8114,8063,8092,8087,8103,8091,8106,8108,8084,8101,8089,8086,8051,8016,
7885,7892,7879,7876,7902,7882,7887,7885,7903,7886,7911,7896,7893,7868,7879,7884,7890,7907,7895,7894,7909,7896,7897,7910,7896,7898,7886,7897,7902,7915,7917,7896,7928,7900,7921,7928,7918,7910,7923,7911,7918,7928,7923,7947,7941,7954,7952,7967,7968,7973,8020,8055,8082,8109,8116,8122,8137,8142,8136,8142,8107,8120,8154,8217,8211,8166,8111,8100,8114,8120,8120,8107,8108,8129,8106,8104,8129,8120,8101,8051,
7886,7903,7879,7884,7902,7879,7873,7875,7905,7888,7898,7905,7893,7866,7878,7880,7885,7897,7899,7905,7899,7892,7895,7908,7899,7892,7892,7895,7892,7913,7928,7895,7924,7899,7912,7929,7929,7922,7924,7913,7925,7928,7930,7943,7948,7957,7967,7968,7987,8009,8047,8077,8095,8118,8120,8128,8147,8139,8143,8130,8116,8141,8194,8221,8186,8153,8138,8122,8158,8103,8128,8145,8135,8112,8110,8141,8130,8157,8177,8117,
7886,7871,7888,7880,7904,7881,7885,7872,7905,7871,7903,7888,7878,7865,7875,7887,7886,7910,7895,7897,7919,7900,7902,7910,7907,7904,7898,7905,7920,7912,7925,7920,7916,7891,7924,7932,7922,7921,7901,7917,7923,7930,7939,7952,7957,7963,7971,7984,8001,8020,8082,8087,8115,8140,8136,8141,8150,8163,8156,8150,8124,8169,8221,8223,8166,8167,8147,8141,8152,8163,8144,8194,8179,8164,8139,8161,8182,8189,8198,8164,
7892,7883,7903,7887,7903,7894,7881,7896,7899,7870,7919,7901,7891,7887,7877,7871,7896,7909,7901,7901,7910,7896,7900,7911,7909,7904,7904,7901,7909,7910,7919,7904,7924,7903,7916,7932,7920,7926,7919,7931,7942,7943,7940,7943,7944,7966,7976,7992,8021,8043,8081,8118,8133,8140,8154,8143,8166,8183,8161,8156,8119,8181,8236,8222,8174,8167,8149,8153,8166,8180,8196,8197,8197,8197,8158,8190,8211,8214,8217,8184,
7882,7897,7886,7880,7902,7890,7891,7887,7909,7891,7910,7897,7887,7876,7876,7876,7892,7894,7897,7890,7894,7901,7909,7910,7902,7907,7902,7900,7896,7911,7916,7918,7913,7908,7922,7928,7928,7921,7930,7912,7930,7946,7938,7964,7945,7968,7994,8013,8047,8054,8085,8113,8155,8135,8158,8151,8179,8182,8182,8153,8135,8164,8230,8230,8196,8170,8148,8152,8184,8185,8203,8199,8180,8190,8168,8186,8211,8221,8221,8179,
7900,7891,7879,7883,7901,7895,7894,7873,7881,7882,7905,7907,7893,7865,7887,7888,7882,7895,7888,7882,7904,7906,7905,7924,7915,7903,7893,7889,7917,7907,7917,7895,7920,7909,7925,7938,7932,7921,7915,7933,7928,7926,7940,7959,7938,7985,8020,8051,8065,8063,8103,8127,8152,8135,8168,8152,8169,8170,8168,8163,8150,8162,8243,8242,8194,8180,8153,8165,8180,8188,8177,8194,8201,8191,8166,8182,8212,8222,8199,8194,
7891,7909,7892,7889,7917,7890,7891,7882,7894,7881,7907,7906,7899,7867,7888,7876,7890,7916,7897,7901,7892,7897,7906,7919,7916,7906,7906,7913,7918,7911,7928,7912,7924,7911,7921,7937,7919,7927,7913,7933,7929,7949,7951,7956,7952,7983,8046,8060,8063,8066,8095,8117,8137,8138,8165,8161,8164,8154,8179,8166,8135,8144,8222,8256,8226,8188,8171,8139,8178,8162,8160,8185,8201,8197,8172,8163,8202,8212,8216,8204,
7906,7911,7878,7895,7899,7890,7887,7883,7898,7894,7904,7902,7887,7881,7884,7875,7893,7916,7904,7902,7919,7897,7900,7919,7915,7908,7911,7906,7917,7916,7923,7913,7924,7916,7917,7929,7926,7932,7929,7927,7928,7938,7941,7961,7958,7972,8012,8033,8053,8059,8104,8121,8137,8130,8157,8154,8151,8160,8167,8164,8129,8123,8168,8223,8211,8206,8168,8153,8167,8161,8150,8197,8193,8180,8173,8183,8206,8221,8224,8198,
7891,7889,7874,7897,7904,7884,7896,7893,7907,7887,7898,7901,7905,7884,7878,7882,7895,7910,7902,7914,7914,7905,7898,7913,7909,7912,7904,7899,7913,7917,7921,7916,7922,7918,7923,7913,7930,7919,7924,7912,7946,7947,7939,7962,7954,7982,7985,8017,8047,8046,8095,8111,8120,8127,8150,8133,8154,8156,8159,8158,8132,8124,8124,8138,8115,8156,8153,8131,8156,8138,8157,8170,8173,8158,8168,8160,8162,8182,8212,8199,
7904,7895,7889,7877,7903,7896,7896,7884,7896,7892,7903,7902,7893,7876,7883,7881,7888,7903,7894,7912,7902,7896,7908,7915,7902,7919,7900,7900,7909,7933,7914,7904,7915,7905,7927,7923,7924,7928,7919,7931,7944,7935,7946,7954,7941,7961,7979,8008,8036,8054,8074,8103,8116,8121,8132,8137,8150,8154,8144,8160,8113,8092,8103,8088,8075,8103,8132,8130,8155,8124,8142,8159,8162,8146,8143,8147,8147,8150,8152,8163,
7897,7891,7900,7892,7916,7903,7891,7884,7903,7903,7923,7897,7895,7892,7888,7898,7897,7920,7905,7902,7899,7896,7915,7910,7914,7911,7925,7901,7901,7928,7929,7913,7919,7924,7924,7945,7931,7923,7934,7924,7925,7953,7947,7946,7961,7964,7976,8002,8032,8031,8069,8082,8111,8105,8132,8132,8149,8151,8137,8129,8095,8080,8082,8059,8050,8059,8111,8131,8135,8114,8125,8138,8152,8139,8146,8149,8166,8147,8148,8141,
7889,7890,7876,7883,7906,7893,7895,7898,7898,7885,7900,7902,7890,7882,7879,7891,7894,7908,7893,7910,7924,7894,7901,7913,7914,7918,7910,7895,7919,7935,7926,7918,7926,7920,7917,7922,7923,7924,7920,7937,7926,7948,7943,7959,7944,7972,7971,7995,8014,8028,8067,8089,8109,8095,8137,8124,8149,8149,8129,8118,8085,8063,8054,8061,8047,8072,8093,8120,8122,8108,8107,8125,8136,8147,8115,8122,8129,8125,8120,8134,
7904,7906,7894,7878,7915,7894,7884,7889,7897,7897,7892,7895,7895,7869,7870,7878,7910,7906,7911,7894,7905,7891,7900,7908,7903,7908,7904,7912,7906,7923,7922,7917,7916,7909,7916,7932,7921,7930,7930,7922,7929,7937,7936,7939,7943,7960,7967,7987,8005,8018,8055,8082,8104,8102,8125,8116,8135,8146,8128,8113,8087,8071,8049,8050,8058,8066,8065,8094,8119,8093,8095,8124,8116,8112,8116,8133,8135,8121,8115,8114,
7897,7880,7897,7896,7907,7881,7880,7892,7904,7885,7906,7903,7892,7876,7885,7872,7901,7918,7919,7921,7907,7904,7909,7903,7897,7907,7903,7903,7909,7915,7923,7911,7927,7909,7920,7934,7923,7923,7926,7920,7944,7941,7941,7948,7954,7970,7960,7975,7996,8008,8044,8072,8107,8100,8113,8107,8117,8126,8104,8104,8066,8048,8036,8043,8066,8045,8036,8048,8086,8079,8091,8072,8098,8094,8101,8118,8107,8106,8106,8097,
7890,7899,7906,7894,7906,7907,7888,7880,7896,7888,7910,7889,7886,7874,7877,7884,7908,7911,7895,7894,7902,7914,7912,7910,7904,7919,7905,7896,7904,7924,7909,7909,7933,7915,7918,7921,7924,7924,7928,7938,7935,7952,7935,7950,7944,7968,7963,7981,7976,7986,8036,8076,8097,8068,8124,8105,8097,8116,8097,8057,8042,8030,8030,8039,8048,8037,8041,8028,8051,8065,8053,8072,8082,8110,8085,8090,8097,8081,8070,8041,
7906,7900,7905,7884,7905,7890,7905,7877,7897,7889,7910,7909,7894,7877,7886,7889,7896,7896,7915,7900,7909,7907,7915,7917,7928,7905,7897,7901,7909,7924,7923,7918,7919,7913,7916,7936,7944,7928,7914,7923,7927,7948,7943,7943,7941,7963,7980,7970,7991,7998,8041,8053,8080,8079,8100,8088,8101,8091,8079,8059,8060,8049,8007,8038,8042,8060,8051,8040,8051,8028,8040,8079,8106,8120,8072,8070,8054,8041,8041,8016,
7889,7905,7896,7884,7905,7881,7890,7884,7901,7883,7904,7894,7890,7892,7894,7879,7903,7908,7909,7897,7907,7896,7901,7920,7913,7916,7910,7910,7908,7921,7918,7916,7921,7905,7922,7936,7927,7925,7926,7924,7932,7950,7936,7937,7946,7953,7965,7980,7959,7972,8018,8056,8069,8054,8084,8076,8088,8103,8097,8092,8081,8072,8070,8064,8105,8109,8067,8011,8024,7993,7996,8029,8040,8060,8032,8026,7999,7999,7984,7977,
7884,7900,7894,7880,7914,7904,7891,7873,7901,7886,7907,7904,7882,7888,7892,7880,7898,7900,7921,7906,7905,7900,7898,7929,7917,7911,7899,7912,7912,7919,7920,7924,7909,7909,7925,7936,7923,7932,7925,7933,7937,7939,7924,7944,7923,7942,7951,7959,7978,7969,8003,8031,8064,8061,8072,8061,8076,8088,8077,8081,8075,8094,8098,8091,8111,8098,8054,8004,8012,7981,7986,7993,7992,7994,7993,7971,7997,7972,7963,7984,
7911,7909,7908,7897,7913,7893,7914,7870,7906,7905,7907,7889,7896,7885,7892,7897,7893,7905,7910,7914,7912,7905,7911,7930,7917,7910,7903,7917,7923,7916,7921,7917,7918,7922,7925,7930,7930,7931,7930,7919,7941,7936,7937,7934,7934,7952,7968,7972,7967,7959,7974,8011,8051,8036,8085,8059,8058,8081,8074,8068,8048,8053,8073,8057,8103,8091,8046,7990,7998,7971,7980,7983,7978,7985,7962,7972,7970,7957,7967,7951,
7899,7896,7906,7891,7921,7897,7900,7900,7916,7881,7900,7899,7893,7873,7888,7890,7902,7906,7895,7903,7913,7903,7914,7931,7924,7926,7905,7908,7914,7935,7930,7917,7918,7908,7913,7921,7933,7931,7919,7915,7921,7933,7930,7933,7942,7950,7952,7956,7939,7948,7973,7978,8007,8012,8043,8023,8033,8038,8023,8030,8033,8025,8010,8018,8028,8036,8000,7981,7981,7961,7966,7961,7968,7976,7967,7951,7953,7948,7949,7950,
7888,7902,7902,7897,7917,7903,7901,7892,7889,7892,7911,7898,7900,7886,7886,7878,7888,7896,7906,7894,7904,7917,7909,7913,7911,7915,7908,7905,7914,7927,7930,7919,7911,7901,7927,7921,7936,7925,7917,7916,7936,7942,7934,7918,7940,7929,7953,7956,7950,7952,7962,7952,7968,7970,7993,7978,7983,8007,7972,7994,7990,7983,7978,7990,7984,7987,7980,7957,7970,7960,7963,7945,7957,7975,7953,7951,7949,7949,7938,7940,
7894,7909,7895,7902,7913,7901,7909,7890,7900,7890,7907,7892,7890,7897,7883,7887,7897,7896,7911,7907,7910,7901,7911,7933,7921,7910,7899,7901,7914,7924,7930,7917,7925,7918,7918,7924,7925,7919,7907,7912,7930,7936,7925,7926,7939,7934,7955,7949,7960,7949,7971,7954,7980,7963,7974,7968,7968,7969,7970,7976,7959,7960,7960,7964,7960,7988,7955,7941,7969,7946,7942,7939,7953,7965,7940,7948,7943,7924,7948,7928,
7879,7900,7891,7887,7914,7897,7888,7897,7908,7880,7909,7916,7901,7888,7899,7887,7900,7896,7908,7901,7920,7901,7918,7926,7913,7911,7906,7904,7913,7919,7921,7912,7923,7909,7916,7935,7924,7914,7907,7912,7927,7929,7928,7935,7918,7935,7953,7952,7944,7949,7955,7968,7956,7955,7966,7961,7966,7988,7962,7963,7961,7965,7940,7959,7962,7963,7957,7939,7972,7929,7943,7951,7947,7948,7932,7932,7938,7931,7932,7933,
7900,7899,7898,7892,7897,7901,7911,7888,7913,7889,7916,7914,7906,7882,7888,7897,7903,7909,7902,7917,7918,7900,7911,7915,7921,7901,7896,7909,7923,7933,7928,7913,7919,7912,7916,7930,7922,7933,7924,7924,7909,7938,7923,7929,7925,7942,7944,7931,7941,7944,7940,7943,7944,7952,7963,7938,7956,7956,7952,7961,7948,7950,7958,7958,7964,7964,7954,7945,7965,7930,7936,7937,7929,7940,7942,7927,7920,7937,7933,7939,
7902,7894,7916,7893,7909,7895,7897,7888,7893,7878,7900,7911,7898,7884,7898,7892,7887,7917,7886,7899,7908,7892,7904,7905,7911,7911,7914,7904,7916,7900,7906,7926,7920,7909,7914,7914,7910,7923,7910,7912,7934,7922,7913,7930,7922,7930,7938,7938,7934,7939,7939,7953,7948,7947,7970,7941,7964,7958,7947,7951,7945,7940,7945,7959,7957,7952,7947,7935,7947,7928,7935,7935,7956,7930,7921,7940,7911,7914,7925,7925,
7902,7895,7901,7904,7916,7888,7897,7890,7902,7896,7916,7914,7900,7878,7887,7893,7892,7908,7910,7895,7910,7892,7905,7910,7920,7901,7895,7903,7914,7911,7908,7905,7917,7915,7912,7920,7916,7916,7916,7910,7922,7923,7924,7911,7931,7936,7932,7942,7938,7912,7938,7956,7950,7948,7965,7939,7961,7969,7941,7936,7924,7941,7926,7937,7929,7948,7944,7923,7937,7935,7932,7929,7923,7946,7917,7920,7920,7911,7914,7933,
7901,7901,7897,7903,7921,7911,7900,7880,7903,7897,7926,7932,7910,7887,7903,7888,7904,7910,7912,7900,7914,7895,7905,7922,7904,7912,7902,7909,7914,7919,7929,7909,7919,7916,7919,7921,7924,7924,7908,7917,7932,7927,7923,7925,7923,7940,7937,7938,7940,7937,7941,7953,7956,7948,7960,7949,7941,7951,7941,7945,7936,7940,7943,7940,7957,7960,7952,7917,7944,7943,7938,7931,7924,7942,7912,7934,7918,7922,7930,7923,
7902,7899,7901,7896,7911,7889,7897,7884,7900,7893,7894,7910,7899,7894,7879,7898,7901,7909,7911,7908,7910,7902,7902,7907,7922,7910,7906,7911,7917,7907,7922,7920,7923,7898,7913,7923,7908,7928,7906,7914,7921,7922,7909,7912,7921,7930,7923,7934,7939,7929,7938,7928,7944,7944,7948,7936,7942,7942,7939,7945,7950,7935,7923,7937,7956,7961,7936,7933,7959,7921,7924,7930,7932,7924,7918,7922,7915,7902,7914,7920,
7902,7905,7909,7885,7915,7888,7902,7895,7912,7901,7911,7903,7904,7895,7883,7889,7904,7922,7910,7912,7923,7909,7904,7915,7919,7905,7909,7901,7911,7908,7918,7929,7937,7908,7920,7916,7917,7918,7914,7911,7920,7922,7914,7914,7921,7932,7937,7937,7935,7918,7949,7934,7941,7936,7953,7923,7937,7944,7941,7940,7937,7938,7936,7942,7932,7934,7931,7923,7934,7923,7940,7920,7939,7928,7932,7924,7887,7914,7917,7927,
7904,7899,7904,7887,7918,7897,7900,7884,7902,7886,7908,7917,7907,7890,7890,7881,7903,7901,7906,7899,7897,7901,7899,7912,7914,7899,7899,7888,7911,7901,7913,7926,7916,7902,7916,7917,7927,7918,7915,7908,7927,7923,7912,7907,7915,7925,7928,7927,7927,7923,7944,7939,7936,7939,7945,7920,7931,7942,7942,7935,7949,7931,7923,7937,7944,7941,7953,7919,7932,7918,7913,7921,7908,7938,7916,7912,7919,7909,7904,7920,
7904,7906,7906,7894,7908,7889,7893,7887,7905,7899,7907,7894,7903,7893,7887,7899,7901,7900,7909,7902,7913,7907,7907,7907,7918,7899,7911,7914,7908,7917,7920,7909,7916,7917,7912,7912,7917,7918,7911,7910,7921,7929,7915,7907,7923,7920,7914,7913,7929,7926,7936,7943,7927,7934,7955,7913,7938,7940,7935,7928,7926,7922,7932,7930,7935,7925,7924,7914,7931,7914,7917,7922,7907,7926,7907,7911,7900,7903,7917,7914,
7891,7893,7906,7906,7917,7906,7893,7888,7915,7890,7913,7918,7898,7889,7885,7875,7900,7911,7912,7898,7914,7909,7898,7902,7905,7906,7898,7901,7896,7915,7930,7909,7925,7885,7906,7909,7916,7917,7918,7903,7908,7924,7919,7916,7908,7925,7938,7931,7940,7927,7943,7937,7939,7928,7946,7934,7933,7930,7926,7924,7941,7917,7917,7926,7935,7931,7932,7911,7937,7904,7911,7924,7907,7928,7913,7905,7899,7903,7910,7927,
7900,7912,7888,7891,7921,7906,7902,7898,7921,7884,7924,7905,7896,7894,7881,7894,7897,7924,7918,7898,7897,7899,7902,7915,7921,7906,7893,7892,7892,7898,7918,7901,7919,7897,7918,7934,7906,7914,7911,7895,7925,7917,7918,7931,7917,7933,7938,7921,7932,7926,7932,7932,7931,7934,7942,7917,7935,7933,7933,7937,7948,7929,7915,7927,7939,7930,7920,7917,7940,7907,7905,7910,7911,7909,7898,7912,7903,7917,7897,7908,
7892,7893,7912,7894,7922,7909,7901,7913,7919,7887,7915,7880,7889,7880,7891,7890,7889,7908,7901,7886,7905,7902,7900,7922,7909,7906,7891,7888,7895,7915,7919,7912,7914,7897,7913,7918,7919,7912,7911,7910,7920,7920,7919,7911,7915,7927,7925,7923,7924,7925,7928,7932,7921,7936,7939,7921,7945,7932,7919,7930,7913,7921,7911,7913,7939,7931,7927,7911,7934,7915,7900,7913,7903,7907,7893,7896,7892,7894,7903,7904,
7899,7896,7906,7902,7927,7915,7895,7910,7914,7892,7913,7912,7892,7882,7878,7906,7894,7927,7916,7895,7897,7897,7910,7910,7906,7922,7896,7900,7904,7923,7920,7913,7923,7896,7914,7919,7908,7903,7915,7903,7911,7931,7911,7915,7916,7923,7930,7931,7925,7930,7923,7930,7933,7931,7954,7922,7928,7936,7926,7937,7925,7929,7922,7940,7940,7934,7934,7902,7921,7920,7914,7905,7918,7916,7901,7895,7900,7888,7913,7909,
7898,7897,7887,7894,7922,7916,7891,7896,7902,7908,7904,7906,7901,7882,7885,7890,7906,7913,7908,7903,7912,7898,7896,7910,7912,7914,7906,7900,7905,7901,7932,7924,7914,7901,7913,7927,7926,7910,7903,7922,7921,7925,7916,7922,7911,7920,7943,7934,7934,7938,7938,7932,7945,7941,7937,7921,7931,7932,7924,7917,7933,7920,7910,7917,7934,7934,7928,7915,7914,7903,7917,7912,7895,7929,7891,7882,7886,7882,7895,7893,
7898,7889,7891,7899,7926,7898,7908,7878,7924,7893,7908,7903,7890,7885,7869,7888,7890,7925,7917,7901,7908,7897,7907,7893,7915,7918,7899,7889,7911,7913,7926,7909,7915,7893,7911,7909,7918,7919,7904,7898,7926,7920,7914,7918,7914,7934,7933,7921,7926,7921,7946,7936,7928,7927,7953,7916,7932,7928,7931,7936,7932,7908,7895,7918,7931,7931,7928,7896,7917,7910,7906,7884,7904,7920,7901,7894,7901,7893,7882,7870,
7902,7897,7896,7892,7917,7901,7884,7886,7916,7900,7909,7910,7893,7891,7868,7892,7899,7900,7891,7911,7909,7903,7897,7900,7914,7896,7899,7885,7900,7903,7914,7899,7913,7890,7900,7936,7909,7912,7909,7900,7916,7924,7913,7927,7918,7919,7925,7928,7924,7923,7939,7927,7929,7931,7946,7914,7925,7924,7926,7921,7932,7921,7906,7917,7930,7939,7924,7902,7917,7904,7897,7895,7897,7927,7878,7897,7885,7887,7900,7901,
7899,7904,7890,7880,7909,7902,7903,7892,7916,7886,7926,7899,7890,7872,7878,7881,7885,7911,7920,7885,7898,7886,7889,7900,7910,7908,7892,7900,7901,7916,7917,7898,7913,7896,7897,7926,7931,7913,7903,7909,7918,7915,7918,7922,7925,7928,7937,7926,7930,7915,7932,7938,7935,7932,7927,7930,7927,7927,7908,7913,7895,7912,7904,7914,7927,7930,7911,7908,7909,7899,7889,7911,7888,7921,7888,7900,7877,7891,7880,7869,
7901,7894,7915,7884,7924,7895,7886,7904,7918,7901,7919,7900,7898,7880,7886,7889,7901,7919,7904,7899,7905,7900,7886,7907,7916,7910,7906,7897,7896,7928,7917,7924,7912,7904,7905,7917,7919,7911,7905,7908,7939,7927,7923,7925,7912,7928,7932,7925,7930,7923,7943,7945,7927,7926,7938,7902,7929,7943,7923,7911,7909,7905,7894,7901,7924,7922,7939,7905,7908,7909,7898,7898,7908,7911,7913,7902,7886,7885,7880,7886,
7864,7901,7871,7900,7884,7879,7885,7897,7917,7878,7918,7915,7891,7867,7892,7892,7901,7905,7902,7899,7895,7881,7901,7916,7885,7903,7905,7900,7906,7909,7924,7917,7913,7909,7913,7927,7915,7920,7926,7919,7925,7927,7920,7931,7935,7929,7942,7927,7920,7930,7940,7940,7943,7919,7937,7917,7922,7930,7911,7920,7912,7896,7908,7919,7930,7925,7917,7905,7923,7901,7916,7919,7910,7912,7895,7897,7875,7894,7882,7863,
7884,7886,7879,7892,7886,7895,7890,7907,7903,7880,7908,7890,7890,7872,7881,7887,7875,7898,7904,7909,7907,7897,7916,7907,7917,7913,7911,7894,7895,7905,7911,7896,7925,7897,7917,7910,7919,7926,7914,7913,7924,7943,7931,7946,7957,7950,7950,7933,7944,7929,7939,7939,7933,7933,7930,7913,7922,7910,7918,7903,7919,7921,7900,7916,7905,7926,7917,7897,7929,7895,7894,7903,7894,7896,7911,7888,7881,7897,7883,7866,
7886,7874,7887,7893,7906,7883,7888,7900,7921,7873,7905,7910,7881,7886,7889,7896,7892,7906,7902,7909,7890,7891,7885,7909,7907,7915,7891,7909,7914,7909,7921,7910,7923,7912,7926,7934,7916,7930,7921,7919,7922,7928,7918,7973,7992,8003,7968,7938,7948,7921,7942,7927,7935,7939,7948,7909,7928,7919,7925,7916,7927,7910,7908,7918,7934,7924,7927,7903,7937,7900,7889,7890,7904,7911,7882,7904,7894,7896,7877,7866,
27.17,22.48,False,1,0,14,40,20,39