7973,7968,7962,7985,7970,7953,7978,7973,7981,7993,7975,7989,7999,7987,7986,7995,8011,8018,8043,8081,8032,8067,8064,8087,8079,8070,8088,8093,8095,8089,8090,8081,8089,8047,8011,8003,8025,7989,7994,7972,7989,8002,7999,7988,7989,7987,7989,7999,7999,7989,7989,7975,7987,7995,7982,7991,7960,7964,7978,7961,7994,7985,8001,7997,7996,7988,7984,7990,7989,8003,8011,8006,8008,8008,8012,8016,8013,8012,8043,8065,8030,8060,8073,8095,8070,8086,8091,8091,8099,8087,8089,8069,8076,8052,8023,7989,8006,7995,8001,8010,7985,8006,7981,8002,7981,7992,7977,7990,7989,7984,7975,7985,8006,7990,7995,7977,7975,7986,7986,7990,8012,8004,8016,8005,7992,7993,7994,7992,8000,7999,8024,8008,7993,8008,8029,8024,7997,8041,8032,8092,8068,8078,8077,8090,8062,8091,8082,8082,8087,8085,8082,8062,8071,8045,8026,8019,8012,8016,8008,7998,8013,8001,8013,8002,8004,7998,8003,8001,8001,7992,8003,7996,8005,8002,8003,8008,7995,7986,8005,8017,7979,8006,7983,7990,7985,7972,7985,8001,8009,8008,8009,7995,7998,8016,8008,8004,8010,8035,8025,8067,8046,8072,8082,8067,8061,8055,8066,8043,8057,8063,8063,8059,8072,8044,8008,8013,7998,7986,8001,7996,8007,8000,7992,7992,7992,7985,7992,7997,7988,7982,7988,7983,7974,7977,7961,7972,7979,7964,7985,7960,7981,7985,7973,7970,7958,7970,7969,7989,7989,7981,8008,8007,7994,8004,7992,8010,8001,8017,8028,8032,8042,8049,8051,8075,8057,8055,8065,8057,8046,8048,8043,8036,8064,8067,8019,8010,7989,8001,7996,7995,8007,8002,7994,7995,8005,7991,7992,7985,7990,7984,8000,7988,7990,7976,7999,7987,7992,7986,7990,7978,7985,7999,7997,7990,7987,8011,7998,7995,7987,7997,8007,8012,8005,7992,8007,8019,8017,8020,8036,8016,8040,8058,8059,8065,8055,8048,8050,8051,8063,8028,8026,8025,8071,8071,8023,8017,8017,8004,8002,7989,7992,7999,7994,8006,7991,7985,7985,8013,7999,8006,8006,8017,7997,7991,8006,8005,7998,8009,7976,7981,7997,7991,7976,7975,7956,7995,7978,7983,7982,7981,7975,7986,7999,8007,7978,8000,7995,8005,8017,8020,8048,8063,8063,8064,8010,8011,8029,8057,8064,8040,8006,8025,8028,8021,8013,8012,8004,7993,7986,8004,7997,8008,7993,7998,7986,7999,7987,7978,7987,7986,7998,7980,8005,7986,7989,7989,7996,7989,7982,7990,8009,7998,8013,8016,7984,8001,7988,8013,8009,8002,8009,7998,8007,8006,8018,8019,7994,8018,8017,8048,8054,8063,8077,8038,8012,8021,8012,8047,8057,8034,8029,8005,8016,8022,8006,8008,7995,8009,7987,8005,7995,8005,7999,7990,7998,8000,8003,7982,8019,8006,8015,8005,7999,7996,8001,7994,7983,7990,7974,7981,8012,8008,7997,7995,7989,7987,7989,8001,7981,7993,8000,7999,7993,8000,7984,8002,7986,8017,8035,8062,8059,8045,8033,8011,7990,8022,8022,8045,8040,8025,8013,8006,8004,8001,8008,7995,7992,7988,7987,7994,8007,8007,8009,7999,8000,7991,8001,8006,7971,7996,7996,7992,7986,8003,7984,7991,8000,8000,7991,7979,8017,8002,8006,7980,8016,7993,7990,7975,7993,7991,7995,7981,7998,8000,8009,8003,8008,8032,8065,8045,8040,8022,8024,8020,8019,8012,8027,8047,8046,8019,8014,8015,8005,7997,8009,8007,7995,7999,7987,7990,7992,7997,8001,7982,7990,7989,7988,8004,8009,7991,8008,7998,7992,7988,8015,8010,8002,7997,8002,8000,8023,8014,7996,7984,8013,8031,7990,8000,7989,7986,8004,7994,7991,8003,7991,7997,7994,8031,8036,8021,8015,8009,8019,8016,8005,8013,8020,8036,8039,7993,8002,8001,7986,7998,7989,7986,7999,8008,7998,7995,8000,7986,7990,7999,7982,7971,7999,7990,7994,8000,7991,7984,7993,7992,7985,7974,7981,7985,7987,7997,8033,8021,7999,8017,8006,7990,8008,7999,7989,7993,7995,7984,7996,8001,7994,8000,8019,8019,8029,7998,8015,8019,7988,8002,8001,7993,8011,8012,7992,8013,7993,7994,7987,7984,7998,7995,7982,7982,7982,7982,7984,7991,7996,8006,7987,7993,7991,7984,7990,7997,7998,7979,7994,7977,7989,7995,7994,7974,7975,7976,8033,8018,7993,8011,8005,8004,8008,7996,7990,7996,7985,7991,7988,7992,7995,7987,8008,8034,8016,8004,8007,8005,8014,8004,8003,8004,8002,8008,8002,8002,8003,7986,7988,7992,7997,7997,7978,7978,7991,7995,7988,7987,7975,7997,7992,7999,7990,7999,7989,7997,7997,7984,7990,7992,7982,7987,7997,7997,7993,7990,8028,8009,8010,8001,7996,7997,7984,7988,7978,7987,7979,7984,7975,7983,7986,7971,7990,8003,8006,7996,8004,7997,7992,7990,7988,7992,7996,7989,7978,7994,7993,7981,7988,7990,8003,8010,7995,7986,7990,7988,7989,7983,7989,7982,7991,7985,7987,7980,7980,7986,7990,7985,7979,7991,7995,7992,7994,7983,7970,7996,8046,8037,8035,8045,8021,8001,8013,7993,7984,8004,7999,7989,7996,8002,7994,7999,7998,8005,8000,8012,8002,8010,7992,7995,7992,8000,7998,7998,8002,8008,8009,8004,7999,8000,7994,7993,7994,7993,8001,7989,7999,7988,7982,7983,7997,7993,7986,7999,8011,7993,7990,7976,7978,7985,8002,7979,7994,8001,8002,7994,8059,8081,8075,8042,8056,8025,8020,8026,8011,8017,8006,8005,8010,8013,8017,8028,8015,8010,8009,8018,8012,8004,8003,7997,8006,8019,8008,8008,8008,8007,7988,8013,8027,8006,8022,8010,8013,8017,8006,8006,8009,8002,8015,8003,8006,8016,8007,8005,8011,8000,8006,8024,8000,8004,8008,8018,8004,8003,8013,8020,8064,8075,8051,8033,8069,8033,8012,8008,8012,8008,8013,8026,8004,8017,8016,8018,8011,8000,8006,8007,8008,7993,8007,7995,8000,8009,8002,7995,8003,8005,8000,7999,8006,8002,8013,8004,8004,8000,8005,8009,7990,8000,8000,8007,8001,8007,8014,8009,8009,8016,8011,8013,8013,8007,8002,8023,8001,8004,8010,8001,8074,8069,8072,8063,8049,8011,8015,8012,8000,8000,8004,8004,8000,8000,8006,7997,7989,8002,8004,7997,8001,8004,8020,8000,8012,8002,8001,7996,8013,7998,8006,8008,7996,8002,8009,8009,7999,8000,7987,7986,7997,8002,7999,8000,8006,8005,7991,7999,7993,8009,8014,8007,8010,7999,7991,8002,8013,7996,8009,7998,8016,8027,8045,8021,7999,8010,7980,7999,7976,7992,7973,7985,7988,7980,7986,7986,7990,7983,7995,7987,8003,7992,7992,7990,7990,7973,7987,7981,7991,7982,7994,7977,7981,7981,7980,7998,7975,7993,7983,7980,7989,7981,8003,7975,8000,7979,8008,7990,7968,7990,7980,7991,7988,7992,7981,7986,8004,7988,7989,7993,7993,8003,8005,8006,8004,8011,8006,8003,7996,7997,8006,8000,7988,8005,7984,7996,7996,7997,7993,7992,7994,7998,7996,7983,8001,7981,8012,7999,7984,8001,7996,8004,7996,8004,8005,8001,8003,8005,7994,7976,7992,8006,8007,7998,8000,8002,7994,8010,8002,8005,8018,7999,8018,7998,8000,8004,8005,7992,8001,8000,7990,7982,7994,7973,7989,7971,7983,7988,7985,7964,7985,7970,7982,7978,7987,7979,7981,7971,7974,7969,7985,7976,7973,7969,7979,7984,7993,7991,7975,7983,7992,7989,7988,7980,7986,7990,7994,7985,7986,7962,7978,7992,7988,7981,7995,7981,7985,7980,7975,8000,7996,7986,7973,7984,7975,8001,7981,7981,7985,7976,7984,7979,7985,7987,7993,7990,7977,7997,7986,7989,7989,7986,7980,7981,7995,7994,7987,7995,8002,7982,7988,7994,7991,7988,7993,7992,7988,7985,7988,8000,7989,7987,7986,7981,7982,8001,7985,7988,7991,7995,8000,7984,7986,7984,7988,7979,7982,7979,7985,7983,7979,7980,7996,7986,7993,7988,7985,7993,7990,7985,7983,7986,8000,7994,8009,8000,7987,7986,7994,8005,7987,7982,7982,8003,7994,7998,7981,7979,7996,7987,8012,7989,7984,7979,8005,7989,8000,7987,7982,8002,7988,7988,8003,8000,8007,7996,7985,7991,7995,7985,8013,7999,7999,7987,7986,7995,8002,8000,7997,7986,7986,7984,7997,7985,7993,7988,7976,7991,8004,8006,7990,8013,8003,8003,8011,8007,7998,7989,7992,8000,8003,7995,7997,7987,7999,7989,7993,7986,7983,8006,8014,7988,8004,7976,8006,8007,8013,8004,8008,7993,8000,7999,7995,7988,7995,8012,7990,8009,7996,7999,8000,8000,8006,7999,7986,8009,7993,7993,7994,8001,8004,7997,7982,8000,7993,8008,8005,8002,7998,8005,8003,7996,8006,8001,7999,8000,7983,7995,7993,8000,8002,7997,8009,7982,7988,7980,7986,7994,7994,7973,7980,7983,7989,7993,7997,7974,7986,7988,7982,7987,7990,7992,7974,7996,7989,7990,7999,7988,7989,7991,7998,7996,7992,8001,7986,7989,8005,7997,8003,7980,7988,7983,7992,7995,7988,7983,7990,7989,8010,8001,7981,7989,7996,7995,8005,7994,7988,7996,8000,7999,7988,7996,7987,7996,7988,7994,8000,7995,7991,7982,7984,7994,7991,7992,7989,7985,8005,7988,8010,7980,7989,8001,7990,7984,8004,8001,7991,7998,7985,8005,7986,7988,7997,8000,7986,7994,7984,7991,7982,7985,8001,7995,8000,7987,7991,7999,7988,7994,7997,7993,8003,7995,8008,7980,7990,7987,7982,7994,7996,7983,8005,8005,7983,7985,7994,8002,7981,7997,7987,7993,7986,7980,7984,7995,8003,7991,8001,8007,8004,7984,7981,8000,7999,7998,7982,7998,8000,7996,7983,7993,7984,8006,7992,7991,7992,7999,8003,8001,7992,7996,7983,7999,7998,7996,7998,7996,7999,8000,8001,7991,7976,8013,8004,7993,7993,7981,8000,7991,7988,8001,7995,8004,7996,7987,7992,7994,7996,7993,7998,7988,8010,8001,7993,7984,8007,7988,7991,7995,7999,7996,7999,7997,8007,8004,7985,8010,8003,8004,7984,8007,7999,7994,8005,7999,7995,7993,7988,8006,8008,7992,8012,8000,8001,7996,8003,8012,7998,7989,8011,7993,7983,7988,7984,8002,7987,7988,7991,7983,7993,7995,7993,7973,7977,7993,7981,7975,7980,7984,7996,7981,7977,7985,7979,7999,7986,8004,7996,7992,7988,7983,7989,7987,7994,7995,8000,7987,7993,7981,7991,7993,8003,7991,7991,7994,7990,7994,7995,7972,7987,7991,7978,7997,7999,8006,7993,7993,7997,7992,7999,7982,7990,7975,7987,7995,7990,7981,7979,7982,7997,7983,7999,7996,7993,8003,7994,7985,7982,7981,7995,7992,8010,7989,7992,7988,7993,7986,7993,7997,7992,7991,7986,7999,8003,7996,8007,8001,8017,8007,7998,8000,7988,7985,7985,8000,7993,7986,7980,7982,7988,7992,7989,7987,7998,7982,7975,7998,8003,8001,8012,8002,7992,7991,8007,7983,7989,8002,7978,7994,7979,7986,7992,7996,7989,7986,7987,7996,7977,7989,7979,7993,8002,7976,7984,7995,7985,7996,7990,7991,7993,7980,7983,7993,7985,7997,8004,8001,7998,7990,8004,7991,7994,7997,7987,7994,7990,7985,8005,7990,7999,7996,8003,7985,7988,7990,8000,7992,7997,7984,7976,7977,8002,8019,8022,8013,7995,8006,8002,8012,7983,7997,7995,8012,7997,7991,8007,7994,7990,7986,7985,7993,7985,7993,7994,7987,7989,7988,7997,7987,8002,7989,7994,7983,7999,7999,7989,7994,8005,7993,7998,7995,8006,8000,8001,8000,7996,8003,7986,7993,7992,8009,8000,7999,7997,7993,7989,7993,8000,7992,7986,8001,7975,7964,7996,7984,7993,7989,7987,7996,7980,7995,7998,7972,7988,7983,7985,7992,7985,8005,7986,7985,7996,7992,7982,7996,7986,8004,7997,7983,7986,7991,7977,7996,7981,7985,7995,7986,8010,7993,7986,8006,7989,8002,7997,7990,7983,7989,7986,8002,7992,8003,7989,7997,7987,8006,7987,7981,7986,8001,7989,8004,7979,7985,7993,7986,7978,7978,7986,7991,7979,7987,7988,7986,7992,7986,7966,7998,7985,7981,7987,7993,7977,7990,7991,7992,7969,7971,7984,7985,7979,7978,7991,7993,7982,7979,7985,7981,7975,7976,7985,7997,7980,7985,7996,7980,7989,7994,7981,7968,7973,7997,7979,7975,7977,7972,7977,7996,7980,7972,7977,7991,7992,7976,7978,7967,7986,7983,7984,7984,7982,7992,7992,7983,7987,7985,7988,7991,7986,7977,7988,7998,7985,7992,7976,7990,7989,7995,7995,7992,7997,7994,7985,7995,7998,7998,8004,7990,8007,7991,7997,8002,7992,8004,8013,7993,7991,7998,8008,8004,7986,7981,7990,7985,7997,7987,7994,7996,8007,8003,7998,7995,7974,8001,7996,7990,7989,7990,7993,7980,7975,7996,7986,7980,7977,7982,7993,7985,7990,7996,7979,7984,7977,7984,7986,7972,7982,7981,7984,7986,7989,7991,7966,7994,7997,7978,7994,7983,7982,7988,7976,7988,7990,7984,7986,7985,7997,7989,7988,7987,7998,8003,8013,7993,7995,7991,7994,7993,7987,7988,7987,8004,7985,7985,7990,7982,7988,7991,7989,7994,8000,7971,7991,7987,7979,7977,7977,7978,7981,8000,7989,7991,7992,7993,7969,7989,7989,7988,7990,7991,7990,7995,7976,7991,7978,7976,7997,7971,7991,8001,7993,7993,7986,7993,7996,7981,7988,7993,7987,7989,7996,7984,7995,7996,7995,8002,7995,7989,7993,7996,7995,7990,7994,7984,7986,7994,8002,7983,7970,7989,7992,7984,7996,8002,7986,8003,7993,7985,7992,7980,7984,7981,7995,7985,7991,8000,7995,7979,7988,7991,7994,7986,7994,7984,7985,7992,7986,7982,7994,7981,7986,7979,7993,7984,7988,7988,7984,7992,7984,7979,7993,7985,7998,7993,7990,8005,7989,7995,7996,7992,8000,7991,7995,8005,8019,7992,8004,8005,8001,8004,7990,8002,7988,8008,7995,7999,7995,8011,7999,7991,7997,8003,7997,7989,8001,7991,7995,8001,7995,8006,7998,7983,7984,8003,7998,7989,7999,8009,8005,7999,7996,8003,7996,7998,8011,8006,8009,7996,8010,8003,7999,8003,8002,8005,8001,7996,8004,8000,7996,8004,8002,8013,7988,7995,7995,7976,7987,7972,7973,7980,7958,7976,7982,7986,7977,7985,7987,7975,7969,7981,7979,7980,7967,7978,7982,7976,7976,7995,7986,7970,7989,7988,7979,7986,7985,7984,7984,7973,7981,7988,7980,7993,7983,7986,7989,7981,7989,7984,7980,7986,7980,7987,7989,7968,7982,7975,7996,7990,7985,7985,7983,7989,7990,7988,7998,7988,7980,7980,7982,7982,7993,7987,7989,7991,7986,7988,7986,7987,7983,7984,7988,7976,7989,7993,7982,7979,7997,8006,7993,7999,7998,7999,7991,8004,7986,7985,7988,7997,7993,7991,7990,7989,7973,7984,7997,7984,7982,7984,7988,7998,7995,7999,7984,7995,7992,7991,8001,7985,7985,7996,7984,7996,7991,7985,7961,7968,7982,7982,7975,7975,7985,7967,7988,7985,7986,7976,7980,7984,7991,7991,7992,7992,7988,7992,7986,7978,7987,7981,7982,7990,7994,7985,7985,7998,7987,7978,7988,7983,7988,7974,7997,7983,7993,7984,7996,7971,7992,7992,7989,7979,7974,7987,7992,8004,7990,7986,7991,7980,7982,7987,8000,7993,7977,7984,7981,7977,7986,7988,7961,7983,7977,7987,7990,7978,7995,7971,7975,8000,7979,7988,7980,7987,7999,7991,7980,7990,7983,7992,7984,7986,7997,7983,7984,7975,7992,7998,7994,7989,7989,7997,7983,7982,7988,7974,7989,7992,7993,7981,7987,8002,7996,7982,7998,7997,7985,7985,7990,8003,7985,7992,7981,7994,7975,7979,7979,7978,7979,7981,7971,7980,7982,7991,7987,7982,7979,7983,7979,7981,7978,7973,7978,7992,7979,7979,7963,7982,7982,7979,7986,7994,7976,7986,7991,7990,7973,7981,7989,7981,7981,7971,7983,7984,7988,7999,7995,7989,7981,7976,7981,7967,7990,7993,7978,7981,7996,7981,7989,7972,7979,7987,7976,7985,7975,7996,7972,7969,7971,7977,7976,7976,7994,7985,7987,7985,7987,7986,7987,7982,7980,7985,7992,7978,8006,7994,7991,7994,7985,7981,7996,7984,7985,7999,7994,7996,7979,7979,7984,7981,7994,7979,7988,7992,7979,7997,7996,7988,7976,7992,7981,7985,7989,7987,7998,8002,7995,7991,7984,8000,7987,7985,8000,8002,7988,8005,7988,7999,7995,7986,7997,8002,8003,8004,7996,7989,7995,7999,7997,7994,7983,7986,7999,7994,7997,7989,8010,8004,8008,8004,7997,8007,8011,7996,7992,8002,7994,7995,7993,8001,7998,7999,8002,7992,7978,7990,8009,8002,7998,7994,8010,7998,8009,8001,8018,8011,8010,8022,8015,8012,8008,8003,8001,8004,7992,8009,7999,8007,7993,7993,7994,7995,8013,8002,8003,8011,8007,8005,8005,7990,7997,7991,7987,7986,7999,7994,8003,7985,8005,7993,8013,8003,8005,8009,7986,8009,8012,7994,8002,7997,7991,7990,8004,7997,8012,8004,8006,8013,8004,7998,7999,8005,8007,8016,7996,8012,7999,8016,8000,7993,8000,8015,8004,8006,7994,7989,7977,7995,7990,7984,7982,7991,7981,7995,7988,7980,7981,7985,7979,7974,7983,7983,7993,7992,7991,7994,7996,7987,7977,7991,8008,7985,7979,7991,7999,7993,7989,8001,7993,7995,7988,7977,7989,7998,8002,7977,7994,7990,8003,7995,7996,7991,7999,7984,7992,7996,7994,8005,7994,8000,7988,7995,7995,8000,8001,8008,7993,7989,7996,7989,7997,8006,7980,8000,7980,7989,7981,7984,7984,7990,7995,7988,8001,7990,7987,7996,7982,8009,8001,7995,7999,7990,7988,7975,8003,7991,7996,8005,7993,7994,7993,7996,7995,7977,7990,7997,7994,7998,7999,7996,7984,8004,7983,7979,7983,7991,8014,7995,7991,7988,8010,8004,7987,7992,7978,7980,7981,7972,7982,7979,7981,7987,7981,7988,8001,7991,8002,7984,7988,7984,7996,7988,7996,7979,7982,7989,7991,7986,7982,7985,7995,7979,7996,7979,7982,7984,8001,8003,7998,7990,8003,7993,7997,7995,7984,7974,7984,7988,7986,7986,7993,7991,7982,7974,7985,7992,8006,8008,7984,8007,8003,8003,7996,7994,7993,7998,8000,7991,7972,7991,7988,7984,7973,7998,7984,7978,7997,7979,7986,7993,8005,8006,7990,7999,7997,8015,7988,7993,8003,7992,8014,7992,8008,8002,8005,7978,8006,8003,8000,8009,8005,8010,7997,7995,8002,7994,7994,8001,8009,7997,8005,7998,8005,8014,7998,7989,8001,7997,7998,7997,8001,7993,8018,8001,8004,8001,7996,8002,7999,7994,7986,7995,8001,7992,7990,8000,7991,7987,7974,7982,7992,7986,7997,8013,8000,7998,8000,7987,8004,7994,8000,7997,8008,7990,8000,8007,8006,7981,7998,8005,8002,7985,7999,7995,7998,8002,8014,8008,7998,8002,8005,8002,7991,8003,8004,8005,7991,8000,7998,7999,7997,8016,8009,7998,7965,7991,7979,7975,7971,7979,7975,7991,7964,7969,7971,7982,7980,7991,7965,7970,7986,7991,7988,7980,7998,7974,7986,7986,7998,7975,7994,7986,7980,7992,7989,7992,7984,7999,7982,7985,7989,7986,7984,7987,8014,7997,7995,7981,8004,8001,8010,7992,7995,7989,8013,7999,8000,8005,7995,7998,7996,7990,7998,8009,7994,7995,8016,8002,8005,7998,7993,7977,7986,7989,7992,8001,8011,7976,7995,7994,8002,7994,8008,7999,8003,7999,8014,7996,7999,7993,8003,8002,8007,8002,8004,7992,7993,8003,8002,7997,8012,7996,7990,8015,7993,7999,7994,7994,7997,7999,8002,8003,8010,7991,8002,8008,8012,8004,7998,8004,7999,8001,8019,7999,7978,7996,7989,8001,7991,7990,7977,7990,7987,8004,7990,7997,7982,7993,8001,8001,8000,7998,8008,7991,7986,8007,7989,8001,7993,7996,7993,7979,7984,7992,7988,8004,8001,8007,7995,8003,8009,7997,8000,8002,8008,8015,7995,8013,8009,8007,7998,8006,8004,8010,7997,8000,8010,8013,7997,8008,8014,8008,8001,8003,7980,7978,7993,7987,7987,7989,7987,8008,7977,7988,7988,7990,7984,7996,7990,7989,7992,7986,7983,7981,7976,7988,7986,7991,7996,7994,8000,7993,7992,8005,7990,7981,7996,7998,7999,8014,8000,8001,7999,8000,7996,7989,8000,7991,7986,7995,7994,8007,8001,7993,8006,8001,8015,8000,7993,8004,8017,8010,8013,8001,7994,7975,7990,7990,7986,7981,7984,7962,7980,7981,7991,7983,7982,7985,7985,7972,7994,7995,7997,7985,7983,7981,7994,7998,7985,7999,7983,7994,7968,7971,7988,8001,7977,7985,7995,7993,7993,7989,7994,7999,7988,8006,7989,7994,7997,7989,7994,8005,7995,7992,7995,7997,7996,7994,7997,8000,8012,7999,7995,7999,7989,8003,8000,7983,7985,7973,7983,7987,7977,8000,8001,7998,7989,7994,7988,8001,7984,7995,7983,8006,8004,8000,7988,7983,8005,8003,7996,7999,8002,8000,7994,7999,8005,7992,7994,7983,7994,7994,8001,8003,8007,7988,8021,8008,7999,7985,8001,8018,8005,8010,8011,7999,7999,8004,8007,8022,8016,8003,8019,8006,7984,8003,7986,7975,7984,7983,7999,7977,7970,7995,7990,7996,7991,7988,7981,7968,7991,7976,7980,7994,7992,7987,7991,7993,7983,7986,7998,7992,7999,7986,7993,7985,7984,7982,7984,7994,7999,7994,7996,8001,7985,8006,7992,7995,8004,8002,8002,8001,8000,7983,7989,7997,7994,7997,7997,7999,8004,7997,8012,8002,7997,7979,7984,7988,7982,7989,8000,7997,7979,7997,8006,7996,7987,8006,7999,8003,7990,8002,7997,7989,7981,7997,7994,8000,8003,7984,7994,7985,7992,8006,8009,7983,7991,7997,7997,7999,8005,7986,8015,7995,7997,8002,8016,8001,8016,8015,8011,8008,8022,8018,8009,8014,8010,8021,8009,8003,7998,7996,8010,8010,7996,7988,8003,7999,7984,7989,7991,7993,8006,8002,8004,7994,7999,7982,7999,7987,7993,7992,7985,7987,7995,8007,7986,7992,7995,7983,8001,8001,7999,8002,7993,8001,8003,7993,8001,8002,7986,8006,8002,8008,8017,8024,8004,8009,8017,8012,8028,8027,8017,8012,8015,8026,8026,8014,8017,8019,7998,8006,8020,8000,7973,7989,7998,7997,7991,7993,7990,7994,7987,8002,7986,7989,8007,8008,7980,8010,7995,7998,8003,8008,8006,8000,7996,7993,7987,8009,8004,8001,8004,8016,8005,7992,7993,8009,8000,8009,8002,8011,7998,7997,8003,8015,8002,8011,8009,8004,8015,8008,8017,8016,8019,8025,8006,8005,8008,8012,8007,7994,8016,7985,7980,7990,7999,7988,7999,7984,7979,7987,7995,7992,7982,7978,7988,7989,7979,7985,7966,7985,7982,7984,7992,7980,7974,7996,7987,7972,7992,7994,7991,7998,7982,8000,8001,7978,8015,8002,8005,7985,7995,8016,7999,8010,7997,7998,8011,8018,7998,8016,8014,8025,8000,8020,8020,8011,8009,8011,8011,7993,8013,8005,7988,7970,7987,7969,7965,7986,7974,7978,7979,7980,7983,7969,7979,7997,7987,7980,7980,7982,8001,7978,7987,7978,7978,7990,7990,7996,7988,7980,7985,7998,7986,7991,7980,7992,7978,7986,8009,8000,7987,8002,8001,7995,8006,8004,8008,8000,8002,8019,8008,8017,8020,8003,7998,8005,7992,7988,7989,8012,7996,7991,7982,7988,7977,7987,7976,7986,7984,7979,7966,7991,7974,7982,7994,7977,7979,7997,7989,7993,7991,7987,8007,7995,7989,7993,7991,7980,7987,7982,7994,7984,7997,7990,7999,8006,7982,8000,7992,8012,8022,8025,8018,8024,8017,8014,8011,8002,8020,8027,8041,8057,8038,8016,8004,8005,7990,8001,7986,7997,8001,8012,7972,7985,7991,7954,7961,7964,7970,7981,7978,7978,7972,7983,7997,7984,7971,7989,7975,7982,7985,7988,7981,7982,7980,7991,7980,7985,7986,7977,7982,7976,7982,7986,7993,7970,7987,7978,8006,8023,8029,8046,8039,8046,8030,8005,8009,8013,8049,8035,8069,8054,8044,8009,8005,7999,7991,8000,7987,8013,7995,7988,7991,7991,7995,7994,7985,7996,7971,7998,7985,7986,7979,7981,7982,7974,7969,7985,7986,7992,7972,7994,7971,7982,7990,7995,7986,7986,8007,8000,7986,8010,7984,8011,8011,7994,8001,7991,8008,8013,8037,8048,8069,8074,8071,8053,8057,8051,8078,8072,8075,8096,8063,8038,8037,8031,8023,8016,8011,8002,8007,8006,8003,8002,7994,7995,8000,7987,7996,8006,7998,7984,8002,7983,7995,7987,8005,7996,7984,7997,7995,8004,7992,8002,8003,8021,8007,8013,8003,8014,8012,8015,7998,8010,8003,7987,8007,8017,8012,8013,8014,8022,8025,8042,8063,8086,8085,8088,8066,8076,8086,8080,8064,8052,8030,8035,8016,8019,8021,8013,8014,8024,7993,7992,7991,7993,8004,7983,8009,7978,7971,7990,7992,7979,7963,7976,7979,7974,7983,7998,7986,7974,7980,7983,7987,7993,7985,7977,7994,7973,7981,7978,7977,7988,7985,8002,7997,8007,8000,8000,8021,8008,8023,8011,8027,8063,8061,8069,8076,8077,8057,8066,8053,8051,8048,8031,8044,8021,8029,8010,8012,7999,8005,7997,8009,7979,7998,8003,8007,7987,8000,8010,7996,8013,7996,7991,8002,8001,8015,7999,8007,8013,8011,8005,7998,8008,8007,8006,8017,7988,8014,8010,8015,8015,8013,8023,8020,7994,8010,8024,8013,8016,8018,8026,8025,8054,8079,8073,8088,8091,8087,8060,8069,8058,8086,8067,8076,8065,8055,8023,8030,8021,8007,8011,8007,8007,8007,8006,7994,8014,8002,8006,8007,7993,7999,7998,8000,7998,7994,8010,7989,8007,7996,8000,8001,7997,7999,7990,8010,8017,8019,8003,8005,8008,8000,8023,8014,8015,8016,8007,8024,8016,8021,8027,8037,8049,8066,8106,8084,8083,8096,8085,8077,8103,8116,8089,8085,8085,8094,8059,8036,8038,7970,7967,7979,7980,7991,7956,7971,7969,7967,7979,7985,7990,7963,7969,7979,7978,7978,7978,7973,7986,7961,7966,7981,7969,7984,7993,7973,7988,7998,8008,7991,7967,7992,7986,7995,7990,7983,7991,7990,8001,7996,8026,8017,8013,8042,8067,8099,8092,8084,8098,8053,8088,8084,8069,8063,8062,8049,8030,8016,8009,7955,7957,7959,7960,7971,7946,7958,7966,7956,7969,7961,7970,7966,7952,7965,7975,7962,7975,7980,7974,7975,7955,7980,7993,7968,7975,7978,7982,7975,7975,7969,7970,7984,7983,7972,7979,7982,7980,7989,8002,7998,7999,8006,8025,8051,8070,8072,8067,8086,8093,8069,8078,8094,8055,8070,8044,8039,8028,8020,7985,7970,7979,7967,7972,7984,7990,7985,7985,7966,7974,7972,7988,7972,7962,7973,7978,7966,7979,7974,7992,7977,7979,7996,7980,7971,7986,7994,7985,7980,7993,7977,7989,7987,7989,7997,7988,7999,7976,7987,7983,8019,8022,8025,8041,8060,8066,8070,8097,8098,8098,8109,8100,8099,8085,8101,8088,8066,8069,8039,8008,7979,7956,7963,7984,7983,7977,7963,7981,7976,7986,7980,7987,7973,7989,7981,7969,7982,7968,7985,7977,7986,7970,7999,7981,8000,7986,7969,7974,7970,7994,7979,7992,7987,7985,7994,7985,7987,7989,7994,7996,8006,8007,8036,8019,8033,8048,8064,8101,8087,8087,8103,8109,8091,8076,8092,8082,8084,8048,8033,8026,7977,7976,7978,7975,7973,7972,7967,7965,7987,7974,7978,7984,7989,7961,7980,7971,7977,7991,7989,7985,7989,7969,7986,7984,7993,7996,7991,7975,7998,7997,7975,7978,7999,7980,8003,7999,7998,7997,8010,8018,8010,8023,8021,8016,8036,8054,8080,8087,8081,8078,8091,8098,8101,8106,8092,8097,8072,8050,8023,8022,7974,7998,7971,8009,7985,7977,7990,7994,7980,7986,8010,7992,7995,7996,7982,7987,7981,7973,7973,7986,7989,7995,7992,7989,7981,7995,7993,7982,7997,7989,7993,8002,7993,7990,7986,7992,8008,7989,7994,8010,8015,8013,8042,8031,8031,8050,8082,8075,8088,8072,8110,8090,8114,8116,8119,8116,8081,8064,8033,8011,8009,7984,7993,7985,8007,7985,8005,7993,7990,7999,7991,7998,7985,7993,7995,7999,8002,7992,8013,7999,8007,8001,7998,8011,7992,7995,7986,8001,7989,8011,7999,7998,8000,7997,8000,8004,8023,8004,8008,8016,8023,8023,8046,8042,8044,8069,8075,8095,8077,8096,8111,8116,8123,8130,8144,8091,8093,8069,8054,8021,7942,7941,7977,7952,7976,7962,7949,7969,7950,7969,7957,7958,7992,7957,7952,7963,7964,7957,7973,7974,7958,7960,7954,7965,7981,7971,7972,7980,7959,7953,7972,7967,7985,7985,7975,7967,7970,7966,7990,7980,7972,8013,8021,8016,8014,8032,8043,8056,8063,8050,8065,8082,8067,8080,8068,8081,8037,8016,7985,7991,7972,7996,7992,7965,7987,8021,7972,7980,7980,7996,7994,8010,8009,7988,7993,7989,7983,7987,7986,7985,7983,7997,8000,8002,7995,8003,8003,7992,7999,7984,7989,7998,7985,7999,7986,7981,7997,8004,7997,7986,8003,8030,8035,8071,8076,8081,8074,8072,8090,8107,8083,8107,8112,8135,8108,8098,8075,8046,8030,8020,32.93,30.37,False,1,0,39,50,18,26