8028,8013,8020,8032,8039,8050,8073,8094,8118,8144,8100,8106,8070,8080,8079,8071,8072,8063,8077,8099,8093,8113,8133,8148,8173,8198,8211,8216,8212,8200,8202,8188,8193,8183,8168,8166,8154,8129,8088,8076,8063,8056,8044,8048,8042,8038,8035,8028,8030,8034,8032,8027,8025,8032,8032,8025,8031,8020,8009,8018,7996,8008,8014,8030,8052,8070,8097,8118,8127,8150,8135,8120,8085,8081,8068,8075,8071,8062,8075,8108,8103,8134,8149,8182,8204,8198,8194,8189,8179,8205,8193,8186,8194,8190,8185,8172,8147,8123,8116,8075,8062,8057,8038,8050,8029,8022,8021,8008,8027,8026,8015,8028,8024,8008,8018,8008,8009,7996,8004,8000,8015,8027,8040,8056,8056,8098,8144,8164,8184,8197,8173,8163,8157,8121,8108,8080,8093,8115,8099,8140,8161,8182,8195,8197,8212,8219,8208,8196,8190,8205,8204,8215,8215,8202,8197,8182,8175,8163,8129,8091,8088,8075,8064,8049,8056,8041,8043,8052,8023,8036,8040,8029,8027,8023,8026,8024,8023,8018,8023,8014,8033,8033,8037,8058,8094,8124,8130,8155,8184,8186,8178,8181,8188,8150,8113,8091,8096,8094,8128,8163,8172,8177,8202,8211,8224,8205,8223,8197,8202,8210,8219,8221,8204,8217,8208,8189,8184,8164,8139,8114,8084,8071,8068,8066,8052,8044,8057,8036,8041,8041,8030,8031,8039,8027,8028,8022,8056,8038,8020,8027,8030,8049,8041,8057,8095,8132,8141,8171,8183,8197,8205,8197,8204,8162,8135,8115,8114,8118,8175,8195,8199,8208,8223,8218,8230,8233,8222,8219,8200,8212,8223,8240,8227,8223,8215,8203,8190,8180,8159,8144,8099,8073,8082,8067,8057,8047,8052,8052,8042,8053,8044,8044,8036,8044,8047,8030,8030,8035,8042,8021,8012,8044,8041,8068,8100,8133,8163,8161,8183,8209,8213,8216,8218,8199,8161,8152,8101,8123,8168,8198,8202,8216,8209,8206,8228,8231,8219,8206,8210,8207,8222,8230,8221,8209,8192,8196,8176,8170,8133,8133,8108,8084,8062,8060,8067,8046,8048,8053,8057,8049,8043,8052,8045,8044,8043,8037,8018,8041,8024,8019,8021,8025,8014,8048,8079,8100,8120,8134,8166,8190,8211,8209,8207,8180,8182,8172,8131,8135,8155,8184,8189,8207,8214,8200,8217,8221,8216,8203,8199,8201,8198,8208,8207,8205,8197,8192,8178,8164,8131,8132,8083,8074,8053,8056,8056,8032,8050,8039,8037,8028,8030,8034,8025,8009,8029,8016,8035,8013,8022,8018,8018,8021,8032,8030,8056,8087,8102,8117,8144,8162,8150,8155,8166,8168,8160,8182,8137,8127,8159,8175,8175,8192,8196,8203,8205,8209,8209,8201,8186,8193,8190,8201,8217,8198,8183,8174,8201,8184,8152,8143,8111,8080,8039,8054,8041,8039,8036,8028,8021,8041,8027,8041,8029,8015,8025,8013,8013,8033,8002,8017,8005,8007,8038,8044,8048,8061,8057,8102,8153,8172,8159,8162,8157,8150,8149,8163,8154,8119,8146,8160,8182,8190,8196,8185,8198,8191,8189,8186,8193,8200,8204,8191,8181,8182,8165,8149,8163,8167,8141,8137,8125,8066,8040,8052,8036,8037,8045,8037,8026,8028,8020,8013,8023,8027,8024,8020,8023,8012,8032,8014,8022,8046,8045,8053,8071,8083,8089,8131,8148,8167,8160,8183,8179,8170,8153,8146,8152,8133,8124,8167,8191,8207,8197,8193,8197,8201,8197,8199,8204,8203,8193,8186,8188,8178,8173,8148,8117,8145,8143,8135,8131,8080,8062,8040,8048,8052,8043,8040,8042,8037,8035,8053,8041,8035,8045,8042,8039,8035,8037,8032,8029,8042,8034,8045,8052,8066,8077,8098,8139,8161,8169,8169,8182,8186,8172,8157,8150,8133,8131,8153,8170,8200,8169,8174,8188,8192,8201,8207,8193,8193,8188,8186,8164,8170,8156,8141,8104,8102,8084,8090,8087,8061,8058,8050,8037,8039,8034,8023,8018,8018,8016,8024,8023,8007,8017,8023,8039,8021,8040,8047,8026,8016,8022,8047,8043,8050,8071,8090,8127,8135,8157,8162,8147,8168,8167,8140,8134,8118,8113,8126,8170,8159,8120,8155,8171,8181,8174,8185,8174,8181,8178,8179,8169,8156,8136,8129,8082,8090,8071,8062,8053,8044,8042,8044,8028,8036,8031,8032,8026,8024,8025,8026,8023,8004,8017,8005,8032,8017,8026,8014,7998,8018,8006,8025,8016,8025,8042,8073,8107,8134,8125,8144,8159,8161,8150,8145,8133,8117,8117,8142,8161,8113,8102,8139,8150,8150,8171,8169,8169,8172,8176,8170,8156,8138,8130,8127,8079,8075,8060,8050,8050,8047,8033,8038,8028,8023,8024,8017,8015,8016,8030,8012,8029,8019,8026,8014,8027,8024,8023,8009,8015,8028,8020,8019,8022,8040,8041,8059,8091,8101,8136,8154,8146,8145,8157,8151,8124,8140,8127,8130,8118,8112,8096,8136,8141,8154,8157,8159,8165,8160,8147,8166,8145,8130,8129,8096,8075,8077,8062,8052,8055,8028,8039,8030,8027,8026,8035,8028,8028,8020,8026,8025,8019,8017,8025,8023,8025,8018,8013,8008,8025,8018,8022,8033,8032,8026,8044,8042,8081,8116,8131,8129,8137,8138,8137,8139,8153,8154,8121,8111,8096,8085,8081,8109,8141,8147,8154,8164,8144,8127,8147,8140,8137,8131,8118,8078,8071,8060,8049,8047,8044,8046,8034,8026,8027,8028,8018,8020,8036,8017,8018,8026,8026,8023,8016,8016,8023,8007,8031,8014,8036,8030,8030,8052,8062,8037,8040,8052,8079,8114,8107,8126,8146,8137,8134,8131,8142,8139,8136,8102,8094,8084,8078,8101,8124,8151,8143,8156,8146,8144,8151,8152,8144,8135,8110,8074,8063,8050,8046,8042,8046,8030,8038,8033,8040,8033,8038,8029,8028,8041,8027,8039,8032,8026,8023,8020,8027,8031,8025,8031,8010,8010,8004,8016,8023,8032,8029,8046,8066,8084,8082,8099,8108,8118,8108,8118,8125,8128,8095,8057,8060,8056,8066,8061,8108,8139,8151,8148,8142,8126,8138,8144,8146,8132,8096,8069,8048,8056,8043,8047,8031,8032,8037,8029,8036,8032,8032,8011,8027,8013,8027,8016,8028,8011,8023,8022,8014,8023,8013,8022,8001,8009,8014,8020,8016,8031,8028,8033,8064,8082,8088,8110,8117,8094,8119,8119,8118,8105,8098,8081,8083,8067,8066,8077,8105,8139,8145,8145,8139,8079,8116,8138,8151,8129,8083,8051,8053,8045,8042,8028,8035,8032,8030,8024,8024,8032,8025,8018,8017,8030,8022,8024,8025,8019,8018,8020,8024,8020,8018,8022,8001,8016,8008,8021,8025,8028,8033,8038,8047,8079,8082,8079,8099,8091,8088,8107,8098,8085,8092,8074,8069,8067,8057,8051,8084,8130,8138,8149,8130,8084,8108,8142,8139,8125,8082,8063,8049,8049,8041,8027,8023,8028,8031,8011,8022,8022,8012,8021,8014,8019,8023,8014,8021,8024,8025,8016,8015,8020,8006,8005,7999,8018,8015,8013,8016,8015,8020,8041,8040,8073,8072,8081,8081,8091,8096,8081,8096,8091,8095,8075,8065,8055,8063,8058,8069,8100,8143,8139,8134,8097,8086,8111,8117,8107,8077,8049,8049,8041,8043,8042,8040,8026,8029,8032,8023,8021,8020,8033,8026,8021,8021,8020,8014,8025,8033,8021,8025,8024,8013,8028,7996,8000,7998,8011,8019,8011,8019,8012,8032,8027,8052,8076,8081,8071,8077,8072,8094,8070,8056,8054,8050,8064,8040,8038,8059,8067,8100,8120,8105,8065,8058,8077,8095,8063,8051,8044,8039,8037,8043,8031,8016,8024,8024,8027,8020,8012,8012,8020,8022,8014,8017,8013,8019,8014,8021,8001,8019,8000,8005,8009,7996,7990,7996,8011,8005,8016,8013,8005,8019,8024,8021,8038,8084,8073,8079,8077,8079,8069,8047,8038,8042,8047,8050,8060,8048,8054,8068,8086,8080,8051,8049,8046,8057,8058,8039,8050,8025,8027,8029,8040,8027,8015,8026,8018,8019,8018,8013,8022,8017,8007,8016,8014,8018,8011,8006,8014,8006,8021,8007,7999,7994,7994,7982,7989,8002,8022,8022,8007,8027,8026,8028,8045,8075,8071,8089,8086,8061,8047,8051,8049,8047,8041,8043,8043,8048,8042,8040,8062,8061,8062,8052,8045,8042,8034,8035,8043,8041,8034,8037,8024,8030,8031,8015,8014,8017,8021,8009,8008,8021,8016,8016,8009,8023,8013,8020,8011,8006,8011,8010,8009,7990,7994,8000,8015,8012,8019,8002,8008,8022,8018,8027,8037,8063,8083,8076,8079,8057,8057,8043,8048,8043,8039,8045,8050,8039,8033,8050,8038,8046,8041,8035,8038,8051,8044,8036,8038,8045,8028,8044,8032,8027,8029,8018,8023,8025,8022,8012,8022,8013,8026,8021,8022,8026,8021,8005,8026,8025,8014,8024,8014,8003,8010,7997,8005,8019,8014,8011,8019,8018,8037,8014,8039,8054,8073,8087,8097,8074,8050,8040,8043,8040,8034,8036,8032,8047,8039,8029,8047,8040,8035,8034,8060,8045,8040,8048,8041,8031,8038,8030,8025,8015,8033,8024,8029,8020,8025,8016,8022,8027,8015,8021,8011,8012,8016,8017,7999,8025,8020,8026,8014,7999,8009,8007,8002,8013,8009,8030,8018,8003,8015,8020,8027,8030,8046,8077,8104,8074,8065,8038,8035,8041,8034,8033,8031,8028,8029,8057,8042,8050,8039,8037,8046,8032,8033,8028,8028,8026,8027,8025,8024,8014,8026,8025,8020,8017,8021,8029,8011,8024,8015,8005,8031,8017,8018,8014,8022,8011,8028,8014,8023,8000,7992,8006,8011,8005,8004,8006,8000,8012,8016,8026,8017,8028,8032,8046,8070,8074,8062,8038,8047,8039,8039,8034,8037,8046,8044,8051,8037,8038,8047,8043,8046,8036,8030,8026,8039,8028,8031,8030,8021,8011,8020,8016,8010,8017,8029,8016,8020,8019,8009,8010,8020,8023,8012,8022,8019,8020,8008,8011,8004,7985,7988,7987,7994,7994,7997,7988,7993,7998,7996,7998,8014,8002,8017,8018,8022,8014,8025,8022,8018,8015,8020,8005,8016,8035,8024,8021,8033,8029,8020,8035,8031,8038,8027,8036,8038,8033,8026,8018,8024,8013,8015,8010,8017,7999,8006,8012,8017,8035,8003,8025,8018,8014,8009,8008,8008,8021,8013,8013,8020,7997,7979,7996,8010,7995,7991,7991,8001,8006,8005,8000,8000,8011,8014,8019,8021,8018,8019,8027,8023,8026,8022,8026,8027,8032,8030,8031,8027,8021,8026,8021,8027,8018,8024,8020,8025,8023,8009,8015,8018,8013,8012,8021,8007,8011,8003,8011,8002,8010,8012,8023,8012,8030,8014,8012,8016,8023,8015,8020,8025,7998,8009,7996,8008,8013,8014,8008,8014,8022,8021,8025,8034,8043,8029,8021,8029,8028,8033,8037,8032,8035,8040,8040,8034,8043,8043,8038,8047,8050,8038,8037,8041,8032,8031,8030,8040,8038,8042,8042,8039,8033,8021,8017,8029,8028,8023,8027,8035,8024,8025,8031,8021,8021,8018,8025,8035,8031,8033,8021,8035,7992,8000,7989,8009,8007,8011,8000,8002,8008,8015,8007,8023,8023,8034,8021,8026,8032,8025,8032,8038,8027,8039,8030,8037,8042,8044,8045,8048,8033,8032,8033,8027,8035,8031,8032,8040,8045,8033,8043,8023,8023,8020,8035,8026,8021,8022,8021,8020,8018,8023,8026,8013,8031,8028,8007,8020,8016,8016,8017,8019,7985,7984,7969,7989,7992,8000,7986,7998,7991,8003,8005,7996,8006,8013,8008,8023,8016,8023,8019,8030,8035,8026,8028,8022,8020,8021,8026,8013,8016,8020,8012,8023,8017,8011,8013,8014,8018,8013,8006,8018,8004,7999,8007,8009,8015,8010,7995,8003,8015,8026,8011,8011,8013,8019,8002,8021,8013,8004,8017,8012,7992,7986,7986,7990,8005,8003,8002,7999,8010,8000,8014,8011,8010,8010,8004,8004,8024,8023,8036,8034,8023,8026,8035,8022,8026,8034,8041,8015,8028,8038,8034,8027,8038,8032,8041,8038,8038,8019,8021,8020,8021,8015,8026,8016,8024,8019,8008,8020,8022,8022,8017,8031,8008,8011,8029,8017,8017,8021,8020,8007,7994,7996,8008,7994,8003,8006,8011,7995,7994,8015,8016,8011,8003,8019,8015,8013,8024,8027,8018,8019,8022,8019,8028,8023,8022,8033,8021,8036,8038,8040,8027,8040,8030,8024,8025,8019,8021,8017,8031,8026,8020,8010,8018,8012,8007,8011,8012,8018,8006,8015,8014,8003,8014,8010,8016,8016,8009,8015,8015,8018,7996,7996,8001,7990,8001,8000,7993,8000,8008,8007,7997,8016,8011,8005,8015,8010,8005,8022,8012,8028,8014,8025,8015,8016,8022,8022,8019,8027,8028,8026,8026,8023,8024,8029,8034,8017,8015,8022,8023,8013,8011,8021,8000,8011,8013,8002,8006,8006,8000,8010,8006,8007,8011,8011,8022,8002,8015,8025,8014,8026,7989,7998,7995,7988,8002,7996,8009,7993,8000,8018,8005,8021,8008,8016,8017,8019,8028,8032,8018,8026,8020,8020,8016,8033,8019,8028,8018,8032,8030,8036,8027,8035,8035,8019,8031,8017,8029,8027,8018,8015,8013,8010,8013,8020,8006,8018,8007,8023,8017,8030,8016,8027,8019,8018,8025,8016,8030,8023,8016,8032,7991,7989,8000,7990,7997,7998,7989,7993,7998,7984,7992,7998,7997,8007,8006,8012,8010,8020,8016,8018,8024,8010,8017,8015,8017,8015,8036,8025,8019,8026,8025,8030,8016,8019,8021,8033,8015,8014,8012,8007,8011,8011,7999,8010,8021,8006,8007,7999,8009,8011,8015,8018,8021,8016,8013,8023,8011,8014,8017,8019,7996,8004,7998,8019,7994,8005,8016,8010,7995,8010,8013,8017,8006,8009,8015,8004,8012,8020,8015,8028,8017,8034,8025,8028,8016,8029,8033,8023,8025,8016,8005,8033,8024,8028,8012,8017,8026,8024,8027,8018,8009,8021,8017,8016,8020,8018,8002,8007,8015,8013,8014,8016,8013,8018,8023,8013,8034,8039,8015,8037,8000,8005,7997,8014,8009,8003,8009,8005,8013,8005,8015,8019,8018,8029,8011,8026,8019,8028,8033,8022,8024,8020,8032,8025,8030,8033,8037,8038,8036,8019,8036,8035,8033,8035,8031,8026,8023,8021,8031,8032,8030,8023,8025,8016,8014,8023,8015,8016,8023,8024,8024,8022,8025,8026,8014,8022,8020,8032,8032,8044,7984,7979,7991,7998,7993,8010,7997,7991,7987,8004,8000,8004,8002,7997,7993,7995,8013,7992,7992,8004,8006,8014,8003,8013,8021,8024,8031,8023,8026,8028,8019,8021,8020,8018,8035,8020,8020,8018,8030,8018,8010,8018,8015,8011,8007,8016,7996,8014,8010,8015,8005,8014,8021,8010,8014,8013,8017,8020,8022,8022,7986,7991,7991,8003,7977,8000,8000,7999,7997,8012,7994,7997,8006,7997,7988,8007,8002,8003,8021,8014,8018,8020,8010,8016,8032,8017,8022,8020,8012,8023,8028,8021,8007,8005,8024,8016,8016,8012,8015,8008,8009,7991,8004,8010,7999,8017,8008,8011,8008,8000,8004,7999,7995,8004,8013,7996,8009,8017,8017,8022,8019,8019,8007,8006,8003,7997,8012,8018,8006,8024,8002,8009,8021,8016,8019,8023,8021,8024,8012,8020,8016,8027,8024,8026,8024,8018,8029,8029,8027,8020,8018,8034,8019,8030,8029,8027,8021,8022,8024,8015,8018,8020,8008,8021,8013,8023,8014,8013,8013,8020,8022,8018,8022,8016,8015,8030,8017,8025,8046,8033,7986,8004,7996,7991,7994,8004,7986,7995,8009,7990,7987,8001,8002,7990,7995,7987,8018,8007,8006,8016,8009,8010,8006,8010,8018,8009,8013,8012,8009,8025,8012,8009,8006,8008,8006,8008,8019,8011,8007,8003,8002,8004,8004,8001,8004,8011,8001,8010,8016,8014,8006,8016,8018,8024,8005,8009,8019,8021,8019,8009,8001,7998,7994,7992,7994,7992,7998,8002,7996,7998,8009,8001,8005,7995,8012,8016,8014,8011,8020,8008,8010,8017,8016,8013,8020,8028,8014,8013,8025,8022,8020,8018,8002,8002,8009,8011,8004,8003,8007,7994,7996,8006,7992,7995,7993,8000,7996,7991,8006,8008,8020,7999,8004,8000,8000,8009,8007,8003,8013,8006,7991,7980,7981,7986,7990,8005,8007,8001,7984,8001,8000,8000,7997,8007,8001,8015,8008,8002,8004,8008,8012,7999,8017,8008,8003,8007,8014,8007,8019,8014,8014,8020,8010,8010,8005,8012,8005,8019,8004,8004,8005,8006,8004,8013,7999,8002,8003,7996,8015,8005,8014,8012,8012,8009,8004,8018,8005,8016,8016,8011,7997,8014,7992,7997,7990,7997,8003,7990,8002,8005,8016,7997,8016,8003,8012,8006,8028,8020,8030,8027,8024,8020,8015,8036,8023,8032,8026,8035,8019,8025,8034,8045,8030,8025,8013,8028,8026,8027,8029,8021,8027,8019,8020,8019,8030,8018,8029,8023,8010,8024,8018,8021,8028,8027,8018,8020,8024,8021,8035,8047,7984,7999,7996,7998,7987,8006,7991,7996,8004,8000,8003,8006,7998,8009,8003,8006,8016,8011,7999,8007,8002,7998,8016,8010,8019,8031,8017,8026,8015,8017,8029,8024,8023,8020,8017,8015,8032,8009,8022,8029,8010,8007,8009,8005,8001,8005,8010,8015,8013,8027,8009,8003,8016,8017,8024,8015,8023,8020,8023,8023,7985,7984,8001,7988,7996,7994,7996,8008,7995,8001,8003,7996,7994,7999,7998,7997,8000,8001,8011,8013,8009,8005,8007,8008,8008,8009,8007,8019,8004,8011,8016,8011,8010,8012,8013,8022,8013,8011,8009,8018,8008,7997,8007,7996,8007,8013,8004,8002,8011,7992,8013,8010,8012,8016,8007,8019,8019,8014,8020,8019,7998,7999,7993,7998,7997,8001,8005,7999,8009,8003,8005,7996,8019,7999,8011,8000,8007,8020,8007,8017,8024,8021,8027,8018,8024,8027,8030,8027,8031,8025,8019,8026,8011,8029,8019,8023,8019,8018,8031,8015,8011,8014,8016,8022,8019,8023,8011,8019,8018,8009,8013,8021,8029,8007,8014,8031,8025,8024,8035,8031,7979,7976,7986,7985,7987,7988,7988,7994,8001,8007,7989,7994,8003,8000,7999,8011,8012,8010,8022,8001,8020,8012,8012,8020,8011,8002,8026,8005,8007,8011,8015,8017,8014,8011,8024,8011,8013,8010,8013,8014,8010,8003,7996,7999,8010,8001,8010,7996,8015,8000,8008,8009,8003,8001,8010,8007,8017,8024,8015,8010,8006,8003,7997,7996,7993,8019,8008,8009,8024,8012,8015,8026,8030,8020,8025,8023,8032,8040,8026,8033,8035,8044,8031,8028,8030,8036,8036,8039,8043,8035,8030,8020,8033,8038,8024,8030,8044,8030,8036,8026,8033,8024,8031,8029,8019,8032,8025,8026,8026,8036,8035,8029,8039,8034,8032,8033,8034,8038,8046,8040,8006,8001,7999,8005,8009,8019,8004,8006,8013,8010,8016,8012,8018,8013,8022,8006,8011,8006,8016,8012,8000,8010,8019,8013,8020,8023,8017,8021,8031,8011,8033,8028,8019,8032,8026,8027,8021,8023,8018,8023,8012,8004,8013,8015,8010,8012,8024,8019,8015,8025,8015,8011,8022,8014,8024,8023,8025,8021,8033,8032,7980,7984,7990,7989,7991,7998,7989,7997,8014,8010,8013,8016,8007,8000,8001,7995,8022,8018,8014,8021,8022,8019,8023,8033,8015,8009,8018,8032,8012,8024,8011,8028,8030,8018,8023,8018,8022,8018,8003,8017,8015,8027,8013,8013,8019,8011,8012,8010,8011,8016,8011,8025,8013,8013,8024,8024,8037,8018,8024,8037,7983,8003,7998,7997,7995,7997,7996,8006,8009,8002,8006,8009,7991,7999,8014,8014,8021,8023,8023,8018,8020,8012,8015,8021,8021,8038,8032,8021,8032,8029,8018,8029,8015,8011,8009,8010,8017,8016,8011,8010,8011,8021,8007,8012,8009,8015,8005,8012,8014,8015,8006,8021,8011,8022,8013,8015,8031,8022,8024,8029,7979,7992,7994,8001,7989,7994,7998,8005,7989,8003,8009,7997,8011,8012,8005,7999,8002,7995,8010,8011,8014,8006,8005,8017,8014,8024,8015,8028,8013,8016,8018,8025,8012,8012,8014,8006,8007,8004,8003,8009,8010,8019,8007,8009,8011,8014,7999,8013,8009,8012,7999,8001,8004,8003,8006,8024,8015,8026,8004,8020,8005,8008,8009,8006,8004,8009,8019,8014,8018,8015,8036,8011,8019,8020,8022,8029,8021,8025,8033,8033,8026,8025,8043,8028,8025,8018,8033,8023,8036,8033,8024,8027,8029,8033,8028,8032,8010,8028,8021,8031,8018,8023,8018,8023,8019,8021,8021,8018,8025,8015,8016,8020,8031,8033,8031,8044,8021,8027,8031,8043,7992,7990,8000,7991,7997,8005,8000,8003,8014,8006,7997,8004,8010,7998,8010,7996,8004,8024,8010,8012,8024,8004,8010,8016,8015,8018,8010,8010,8009,8021,8022,8029,8012,8027,8015,8006,8019,8010,8008,8009,8007,8015,7999,8008,8007,8001,7995,8007,8012,8016,8016,8018,8010,8017,8019,8002,8018,8000,8002,8013,7990,7987,8004,7998,7995,8001,7997,7994,8009,8000,8006,8014,8008,8002,7996,7998,8009,8006,8001,8014,8017,8011,8017,8016,8017,8024,8030,8013,8013,8021,8023,8017,8015,8020,8032,8016,8027,8024,8013,8009,8001,8009,8010,7997,7998,8001,8001,8003,8010,8006,7999,8001,8015,8008,8005,8013,8012,8020,8032,8016,7978,7988,7992,7995,8000,7982,7995,7991,7989,8009,8003,8006,8001,8019,7999,8004,8001,8010,8005,8016,8012,8014,8006,8021,8004,8017,8014,8012,8012,8008,8022,8018,8017,8021,8014,8018,8020,8014,8003,8006,8004,8006,7998,8009,7999,8006,8018,7999,8007,8004,8008,8018,8009,8004,8009,8006,8004,8000,8002,8004,7990,7978,7987,7983,7997,8000,7993,7997,7998,8005,8024,8007,8021,8013,8018,8003,8011,8018,8017,8010,8025,8004,8012,8012,8011,8022,8013,8027,8020,8035,8021,8025,8017,8022,8023,8027,8022,8021,8011,8024,8006,8003,8011,8021,8017,8012,8010,8006,8013,8009,8013,8009,8008,8018,8010,8010,8009,8023,8015,8019,7992,7998,8007,7987,8000,8004,7991,7999,8007,8009,8002,8005,8012,8016,7999,8010,8017,8014,8014,8014,8011,8011,8024,8011,8022,8012,8016,8022,8022,8026,8008,8028,8014,8019,8020,8015,8021,8007,8014,8011,8008,8016,8001,8012,8005,8007,8008,8008,8001,8013,8007,8022,8019,8008,8007,8007,8022,8041,8018,8026,7989,7977,7986,7999,8003,8000,8001,7993,8007,8011,7999,8016,8024,8007,8005,8015,8019,8009,8009,8021,8012,8017,8009,8018,8022,8036,8023,8030,8032,8034,8029,8028,8011,8019,8013,8024,8027,8018,8021,8014,7995,8015,7999,8013,8018,8013,8009,8016,8012,8012,8004,8033,8017,8015,8010,8025,8013,8001,8028,8036,7987,7983,7985,7989,8001,7987,7997,7996,7998,7992,8000,8001,8007,7999,7994,7990,7991,7999,8004,7998,8003,8003,8005,8007,8011,7988,8013,8018,8011,8020,8006,8016,8013,8011,8017,8016,8011,8000,8004,8006,8002,8009,8000,8013,7998,8004,7995,7999,8004,7996,8006,8013,8003,7997,8009,8007,8021,8023,8011,8023,7985,7993,7986,7984,8006,7988,7997,7986,7997,8001,8002,7997,8008,7998,8005,7996,8000,8004,7994,8012,8013,8010,8002,8021,8014,8018,8017,8030,8013,8011,8018,8014,8008,8022,8010,8018,8006,8012,8000,8012,8008,8000,8007,8006,7995,8000,8004,7999,7993,7996,8016,7998,8014,8005,8011,8001,8006,8005,8012,8026,7997,7991,7993,7999,8004,7998,7997,7996,8001,8008,7989,8008,8006,8007,8008,8010,8018,8029,8031,8032,8039,8023,8028,8037,8018,8027,8026,8026,8024,8022,8031,8031,8034,8026,8017,8016,8020,8018,8012,8015,8023,8026,8013,8021,8015,8007,8021,8013,8027,8027,8022,8019,8023,8008,8024,8023,8025,8032,8035,8057,7972,7966,7976,7994,7998,7984,7977,7989,7995,8000,8006,8015,7999,8003,7998,7994,7992,8006,8017,8001,8015,8014,8020,8012,8002,8003,8006,8016,8006,8009,8001,8016,8012,8005,8010,7993,8018,8006,7995,7994,8010,8005,8011,8010,8017,8004,8003,8003,7996,8002,7991,8000,7997,7996,7999,8008,8015,8013,8018,8012,7993,7981,7992,7987,8011,8005,7985,8001,7986,8002,7990,8001,8004,8010,7998,8001,7985,8003,7999,8010,8004,8007,8014,8013,8017,8030,8027,8018,8019,8015,8020,8024,7998,8003,8012,8011,8004,8006,8011,8007,8007,8002,8002,8008,7993,7999,8010,7998,8016,8003,8001,8007,7988,8006,8008,8007,8023,8015,8018,8032,7988,7990,7986,7998,8005,7987,7983,7988,8010,7999,7991,7997,8018,8012,8005,8010,8006,8014,8004,8008,8014,8008,8010,8027,8024,8027,8029,8026,8033,8028,8022,8026,8016,8021,8019,8022,8008,8010,8019,8019,8024,8012,8025,8014,8012,8011,8016,8020,8003,8004,7986,8008,7999,8016,8008,8008,8023,8025,8029,8034,7976,7966,7979,7974,7980,7975,7984,7996,7985,7995,8010,7984,8005,8003,7993,8003,8004,7996,8008,7991,8000,8016,7998,8002,8014,8007,8006,8010,8018,8004,8008,8001,7997,8003,7992,8004,8012,8014,7995,7994,7992,7996,8005,7997,8001,8005,8003,7990,8011,7994,8003,7996,8010,8002,7992,7992,8005,7999,7999,8022,7974,7971,7997,7969,7987,7984,7995,7987,7995,7991,7980,8000,7986,7995,7988,7992,8010,7999,7998,7996,8002,8001,8011,8000,8004,8006,8013,8010,8017,8009,8016,8011,8002,8012,8013,7993,7998,8003,8002,7995,7997,7994,8007,7999,7996,7990,7990,7991,8009,7993,8008,8014,7995,8010,8012,8017,8005,8011,8015,8022,7979,7982,8001,7997,8007,7993,8002,7996,8005,7993,7990,7986,8016,7998,8000,8012,7994,8017,8016,8022,8021,8025,8016,8027,8021,8014,8025,8031,8014,8020,8023,8013,8017,8020,8020,8028,8009,8008,8021,8014,8009,7998,8008,8012,8010,8000,7994,7993,8022,8007,8008,8014,8026,8017,8007,8012,8029,8004,8013,8040,8004,8004,7999,7998,8007,8010,7999,8005,8002,8012,8003,8005,8003,8006,8021,8014,8021,8002,8018,8012,8029,8027,8029,8036,8032,8032,8031,8034,8030,8035,8034,8025,8028,8021,8024,8032,8017,8009,8010,8019,8008,8011,8010,8007,8009,8015,8000,8000,8014,8010,8009,8000,8016,8009,8009,8023,8021,8028,8013,8021,7984,7989,7974,7981,7974,7997,7989,7994,7996,8004,8000,8000,7999,8000,8014,7987,8002,8013,7996,8006,8007,8060,8057,8048,8046,8038,8042,8037,8053,8068,8068,8030,8008,8008,7984,8000,8003,7997,8006,7998,8015,8011,8003,7997,7995,8006,8001,7993,7999,8001,7992,7994,7998,7998,7993,7993,8003,7999,8008,8014,7991,8005,7986,7997,7998,7990,7995,7993,8000,7989,7997,8006,8004,8010,8026,8011,8008,8016,8012,8036,8032,8065,8085,8078,8073,8066,8061,8069,8081,8095,8075,8048,8018,8010,8014,8014,8013,8019,8014,8021,7994,8006,7997,8003,8016,8014,7997,8002,8007,8008,7998,8006,8007,8005,7998,8009,7998,8009,8022,8014,7953,7982,7993,7985,7984,7981,7983,7997,7984,7994,7992,8002,7994,7997,7996,8004,7997,8011,7995,8003,8022,8057,8068,8073,8067,8071,8049,8091,8078,8080,8059,8047,8020,7996,8004,8011,8002,8009,7992,7994,7997,8001,8004,8005,7999,8005,7988,8013,7997,7995,7996,8005,8009,8012,7991,8008,7973,8001,7995,7982,7972,7989,7978,7986,7980,7981,7982,7985,7993,7995,7999,8010,7995,7991,8000,8003,8000,7978,7999,8005,8019,8016,8050,8065,8061,8081,8075,8062,8069,8067,8052,8019,8019,7987,8000,7989,8004,7993,7998,7988,7994,7990,7993,7997,8004,8008,7991,7994,7980,7997,7995,7993,7979,7980,7974,7982,7981,8002,7991,7988,7992,7997,7975,7992,7991,7995,7977,8004,7991,7983,8001,7995,7984,7990,7999,8002,7995,7999,7997,7997,8009,8007,8047,8072,8065,8067,8077,8072,8060,8062,8044,8035,8020,8016,8000,8006,8005,7990,8004,7990,7978,7990,7990,7988,7985,7982,7988,7993,7994,8000,7991,7978,7991,7977,7974,7992,7988,7987,7991,7996,7953,7991,7993,7985,7989,8000,7976,7987,8010,7985,7979,7997,8002,7986,7993,7984,7992,7998,8012,8015,8009,8011,8028,8045,8048,8066,8054,8057,8054,8052,8039,8034,8010,7989,8012,7995,7997,7986,7989,8002,8005,7993,8010,7981,7989,7993,7993,8000,8011,7988,7989,7989,7990,7994,7990,7998,8000,7998,8002,7994,8003,7978,7996,7992,7963,7990,7979,7996,8001,7990,8009,8003,7995,7994,7991,8006,7998,7997,8018,8034,8017,8024,8023,8025,8058,8055,8051,8058,8032,8049,8042,8024,8012,8004,7998,8006,8009,8005,8022,8001,8020,7999,8011,8010,8005,8011,8005,7998,7990,7999,8009,7994,7997,7988,7999,8000,7995,8012,8015,8011,7979,7973,7996,8001,7988,7994,7978,7988,7999,7999,7999,7997,8008,7989,8010,7988,7998,7997,8006,8010,7996,8020,8031,8028,8036,8051,8059,8059,8050,8041,8027,8011,8018,8004,8002,8009,8010,8004,8010,8012,8014,8005,7998,8015,7991,7985,8000,8008,7990,8014,7996,7990,7998,7990,7992,7992,7986,8008,7979,7994,30.12,27.02,False,2,0,26,0,15,23,1,20,68,11,10