7989,8019,8017,7990,8014,7973,7979,7997,7995,7988,7993,8013,7985,8006,8009,7994,7997,7992,8006,8006,8013,8003,8010,8015,8008,8005,8003,7993,7991,8011,8013,8012,8027,8010,8018,8011,8020,8021,8029,8010,8019,8026,8034,8032,8021,8033,8036,8033,8040,8023,8023,8013,8021,8011,8031,8027,8043,8025,8009,8016,8021,8038,8025,8019,8034,8012,8026,7999,8034,8019,7990,8001,8043,8006,8013,8020,8018,8001,8026,8052,
7993,8021,8008,8006,7969,7980,7980,7994,8006,7997,8003,8000,8005,8013,8011,8000,7995,7994,8009,8012,8010,8010,8000,8019,8004,8009,8012,8010,8000,8005,7991,8026,8009,8010,8022,8025,8020,8035,8026,8015,8025,8028,8025,8038,8033,8027,8025,8031,8023,8027,8028,8007,8016,8032,8046,8005,8044,8015,8030,8018,8036,8010,8027,8026,8043,8044,8029,8021,8040,8024,8007,7979,8006,8008,8029,8018,8026,8004,8017,8038,
7992,8028,8025,7971,7997,7981,7974,7978,7998,7994,7991,8009,8021,8006,8022,8024,7992,7994,8002,8026,8008,8004,7990,8036,7998,8006,8012,8001,8002,8024,8012,8015,8015,8008,8002,8003,8024,8022,8017,8023,8014,8008,8020,8030,8027,8033,8023,8031,8038,8022,8021,8013,8051,8014,8029,8018,8034,8026,8016,8031,8019,8025,8011,8019,8034,8028,8018,8024,8016,8026,8005,7992,8037,8007,8009,8012,8007,8014,8011,8016,
7989,8003,8002,7984,7989,7993,7994,7998,8005,8019,7998,8013,8024,8004,8013,8001,7995,8010,7999,8009,8013,8008,8009,8021,8007,8003,7997,8013,8000,8012,8006,8016,8028,8022,8018,8012,8020,8031,8026,7996,8015,8026,8033,8041,8030,8037,8037,8029,8042,8033,8019,8012,8030,8023,8034,8028,8033,8042,8023,8039,8024,8012,8006,8019,8047,8023,8010,8018,8045,8004,8019,8009,8024,8030,8007,8006,8025,7997,8025,8022,
7998,8014,8028,7992,7997,7981,7977,7998,8000,8003,8012,8013,8008,8000,8017,8004,7995,8009,8026,8013,8029,8012,8000,8019,7988,8002,8007,8009,8011,8010,8001,8024,8023,8010,8021,8012,8033,8030,8013,8005,8026,8015,8024,8021,8036,8028,8030,8035,8040,8034,8033,8017,8019,8017,8033,8031,8040,8033,8021,8035,8022,8031,8025,8031,8055,8043,8031,8020,8020,8029,8027,8014,8023,8036,8010,8005,8027,8031,8024,8050,
8007,8010,8009,7988,8009,7984,7994,7994,8002,7998,8022,8003,7995,8005,8005,8009,7991,8024,8008,8005,8021,8004,8010,8031,8005,8006,8012,8019,8025,8020,8014,8027,8004,8011,7996,8009,8011,8041,8030,8015,8008,8011,8034,8031,8032,8032,8042,8038,8044,8038,8040,8037,8022,8027,8039,8038,8051,8034,8018,8035,8036,8026,8025,8010,8065,8034,8038,8021,8037,8023,8012,8012,8029,8031,8013,8025,8018,8006,8035,8035,
8009,8002,8022,7988,8016,7973,7977,8007,7988,7984,7977,8013,8010,8009,8008,8002,7992,8006,8007,8005,8023,8000,8016,8019,8003,8015,8001,8018,8004,8021,8021,8017,8021,8010,8014,8013,8012,8025,8015,8025,8020,8023,8028,8041,8022,8044,8059,8029,8043,8040,8029,8029,8028,8029,8051,8027,8054,8040,8023,8037,8043,8032,8033,8021,8063,8035,8056,8019,8032,8028,8013,8009,8019,8020,7990,8026,8029,8029,8013,8037,
7999,8021,8015,8000,8010,7982,7991,8004,8000,8006,7993,8009,8013,8004,8014,7994,7994,7991,8022,7995,8019,8000,8012,8018,8004,8023,8006,8000,8009,8021,8006,8026,8005,8011,8027,8022,8031,8024,8026,8014,8015,8028,8039,8021,8039,8039,8045,8048,8030,8031,8036,8029,8041,8031,8051,8053,8063,8039,8031,8026,8026,8040,8015,8033,8045,8048,8023,8020,8043,8032,8013,7997,8027,8024,8006,8019,8025,8006,8018,8049,
8005,8011,8024,7988,7997,7996,8001,7972,7983,8013,7997,8007,8021,8006,7982,8009,8009,8012,8016,8005,8018,8007,8014,8027,7999,8016,8031,8016,7992,8022,8019,8024,8021,8016,8024,8020,8032,8033,8042,8024,8013,8022,8036,8045,8039,8035,8036,8042,8050,8047,8033,8045,8044,8039,8054,8043,8050,8060,8032,8063,8053,8050,8044,8041,8049,8053,8055,8048,8042,8043,8019,8023,8035,8032,8026,8043,8035,8025,8057,8055,
8005,8010,8003,7993,8017,8005,7993,7999,7996,7999,8005,8012,8008,8009,8005,8012,8004,8010,8016,8011,8015,8016,8010,8016,8015,8008,8019,8010,7999,8031,8006,8031,8025,8027,8016,8029,8038,8024,8034,8026,8032,8040,8024,8058,8045,8058,8041,8035,8054,8053,8038,8043,8041,8041,8052,8061,8049,8053,8038,8057,8047,8041,8034,8046,8061,8051,8040,8027,8049,8041,8022,8031,8027,8018,8039,8027,8048,8020,8047,8054,
8024,8019,8022,7988,8001,7985,7984,7989,7979,8000,7993,7996,8002,8001,7986,8004,7998,8003,8017,8009,8015,8009,8014,8025,8000,8009,8011,8000,8018,8036,8012,8034,8020,8024,8024,8031,8034,8028,8033,8036,8017,8042,8046,8050,8048,8050,8033,8052,8055,8046,8050,8064,8028,8047,8048,8051,8072,8058,8063,8053,8046,8042,8031,8044,8058,8046,8055,8025,8043,8030,8021,8019,8029,8022,8024,8027,8038,8017,8024,8043,
8026,8035,8037,8007,8013,7987,7998,7989,7989,7989,7987,8026,8020,8003,7996,8003,8014,8015,8030,8006,8014,8017,8018,8024,8007,8024,8001,8021,8000,8040,8018,8029,8025,8016,8026,8029,8032,8048,8040,8022,8022,8052,8039,8050,8035,8046,8049,8052,8038,8057,8038,8061,8051,8059,8066,8073,8061,8069,8053,8058,8056,8048,8051,8043,8051,8057,8039,8033,8052,8049,8020,8029,8039,8035,8018,8026,8026,8039,8043,8054,
8036,8039,8042,8011,8011,8020,7995,7995,7976,7993,7997,8018,8011,8008,8013,8014,7992,8006,8026,8010,8002,8025,8011,8011,8017,8023,8025,8013,8011,8022,8003,8029,8016,8035,8032,8023,8050,8038,8036,8024,8028,8052,8056,8039,8047,8055,8061,8063,8064,8057,8055,8061,8059,8064,8075,8085,8078,8079,8074,8073,8051,8046,8062,8043,8061,8059,8059,8050,8042,8034,8026,8022,8043,8042,8046,8021,8032,8025,8036,8047,
8036,8039,8043,8009,8031,8014,8018,8000,7991,8005,8002,8022,8017,8003,8012,8000,7999,8000,8024,8020,8017,8010,8012,8005,8013,8015,8018,8024,8019,8036,8022,8030,8029,8030,8036,8027,8055,8047,8058,8035,8040,8039,8056,8064,8057,8083,8064,8059,8063,8059,8074,8064,8086,8070,8124,8116,8133,8114,8091,8095,8072,8066,8047,8053,8068,8061,8056,8035,8045,8040,8029,8036,8049,8047,8023,8035,8031,8045,8036,8055,
8031,8023,8055,8017,8028,8021,7990,7998,7997,8015,7989,8018,8012,8017,8015,8004,8005,8018,8030,8013,8018,8012,8019,8032,7998,8026,8021,8025,8010,8035,8020,8032,8018,8033,8034,8033,8043,8049,8041,8047,8052,8036,8047,8070,8051,8072,8070,8076,8089,8072,8068,8086,8120,8130,8161,8162,8169,8149,8125,8135,8098,8079,8073,8059,8071,8071,8061,8050,8060,8026,8049,8017,8032,8034,8033,8038,8038,8043,8033,8066,
8031,8023,8042,8001,8012,8004,8000,8008,8004,7996,8001,8015,8020,8018,7996,8016,8008,8019,8021,8029,8006,8024,8007,8037,8006,8025,8021,8018,8021,8033,8031,8027,8042,8027,8031,8033,8045,8029,8050,8033,8048,8056,8056,8070,8072,8068,8071,8067,8086,8088,8089,8108,8153,8169,8192,8196,8195,8189,8164,8152,8137,8097,8060,8059,8100,8069,8061,8056,8056,8045,8043,8011,8053,8037,8033,8059,8039,8028,8050,8041,
8023,8044,8042,8013,8027,8011,8010,8006,8008,8011,8002,8012,8018,8014,8020,8003,8000,8020,8027,8016,8021,8023,8019,8025,8021,8020,8025,8030,8035,8041,8027,8039,8020,8037,8018,8022,8057,8043,8053,8048,8048,8059,8076,8070,8084,8092,8089,8114,8107,8122,8159,8179,8195,8204,8234,8209,8218,8206,8192,8178,8170,8158,8111,8079,8079,8073,8084,8047,8054,8053,8058,8017,8053,8052,8041,8041,8053,8025,8023,8055,
8031,8035,8050,8017,8031,8015,8006,8015,8005,8020,8010,8014,8030,8032,8017,8025,8009,8011,8031,8008,8024,8028,8014,8045,8019,8024,8017,8034,8010,8038,8027,8038,8031,8049,8037,8049,8053,8057,8059,8040,8055,8062,8080,8097,8104,8120,8136,8131,8160,8173,8199,8201,8210,8225,8251,8232,8245,8217,8218,8210,8194,8171,8116,8095,8095,8084,8096,8071,8065,8055,8052,8018,8049,8069,8021,8041,8038,8018,8050,8042,
8003,8024,8027,7989,8014,7995,7988,8011,7991,8009,7998,8012,8019,8030,8025,8022,8006,8014,8015,8003,8025,8030,8022,8017,8021,8026,8020,8017,8028,8041,8028,8039,8027,8042,8031,8031,8047,8050,8043,8057,8064,8068,8116,8120,8135,8152,8143,8166,8195,8208,8213,8218,8240,8232,8249,8242,8253,8220,8226,8229,8200,8191,8129,8099,8103,8090,8075,8077,8074,8049,8048,8038,8044,8036,8036,8040,8028,8037,8048,8073,
8003,8011,8016,8004,8021,7993,8013,7998,8002,8015,8018,8016,8017,8030,8013,8029,8012,8014,8032,8015,8016,8028,8022,8033,8030,8017,8019,8022,8027,8034,8021,8040,8030,8044,8036,8042,8074,8064,8072,8057,8082,8116,8141,8147,8148,8147,8167,8173,8201,8212,8228,8230,8227,8223,8255,8251,8261,8235,8238,8235,8239,8207,8143,8117,8118,8103,8092,8078,8078,8063,8047,8034,8058,8059,8062,8060,8046,8030,8057,8051,
8002,8022,8026,7995,8016,8006,8011,8014,8014,8008,8010,8027,8025,8021,8023,8022,8013,8020,8017,8022,8033,8031,8027,8044,8039,8028,8025,8030,8032,8035,8031,8064,8027,8046,8041,8049,8061,8049,8068,8072,8101,8127,8148,8155,8161,8166,8180,8190,8205,8220,8222,8230,8246,8240,8261,8247,8256,8245,8247,8269,8241,8217,8169,8123,8135,8089,8107,8079,8095,8066,8056,8058,8057,8053,8058,8051,8037,8037,8039,8056,
8029,8061,8042,8016,8019,8012,7998,8018,8008,8006,8027,8035,8018,8028,8016,8015,8019,8017,8032,8017,8035,8024,8025,8033,8019,8033,8026,8025,8034,8047,8026,8030,8034,8043,8040,8047,8075,8067,8057,8073,8125,8137,8168,8164,8162,8187,8188,8217,8214,8225,8223,8238,8246,8244,8263,8268,8263,8246,8248,8245,8231,8228,8201,8152,8137,8112,8115,8090,8100,8100,8088,8062,8073,8080,8074,8067,8040,8037,8057,8063,
8045,8056,8043,8024,8040,8011,8019,8033,8022,8012,8002,8023,8025,8029,8024,8029,8028,8017,8017,8015,8029,8031,8025,8035,8019,8034,8025,8031,8029,8040,8041,8046,8036,8056,8040,8049,8058,8078,8077,8081,8124,8138,8159,8167,8181,8187,8196,8210,8218,8220,8229,8240,8231,8226,8273,8262,8266,8251,8247,8247,8223,8229,8234,8198,8168,8140,8146,8135,8144,8138,8122,8097,8118,8103,8082,8066,8032,8046,8052,8071,
8037,8043,8060,8022,8033,8038,8016,8032,8010,8009,8026,8009,8033,8031,8032,8023,8021,8036,8019,8022,8030,8029,8021,8051,8031,8038,8032,8034,8033,8048,8029,8051,8035,8050,8046,8047,8072,8072,8066,8074,8112,8150,8166,8170,8196,8204,8181,8219,8213,8226,8221,8229,8235,8234,8266,8266,8257,8262,8244,8242,8218,8240,8239,8237,8248,8230,8196,8143,8152,8131,8118,8102,8119,8114,8098,8071,8042,8035,8056,8059,
8020,8057,8044,8022,8033,8024,8026,8035,8018,8013,8034,8020,8027,8036,8021,8033,8019,8032,8045,8033,8029,8039,8024,8049,8025,8031,8033,8037,8034,8047,8043,8053,8044,8056,8048,8049,8067,8087,8078,8075,8126,8151,8157,8173,8183,8207,8188,8205,8222,8234,8227,8242,8242,8234,8265,8261,8261,8260,8252,8250,8242,8254,8261,8249,8281,8242,8217,8190,8183,8149,8131,8107,8144,8141,8114,8093,8077,8063,8071,8066,
8036,8055,8024,8030,8048,8039,8018,8037,8021,8009,8012,8022,8041,8022,8031,8031,8016,8018,8043,8033,8030,8036,8030,8056,8028,8042,8039,8016,8033,8045,8050,8052,8059,8056,8045,8040,8084,8079,8085,8085,8123,8167,8154,8158,8185,8202,8208,8223,8237,8248,8244,8243,8243,8257,8263,8260,8268,8250,8245,8249,8254,8243,8269,8254,8267,8255,8215,8188,8191,8155,8137,8131,8152,8149,8121,8099,8099,8063,8056,8078,
8043,8050,8062,8027,8042,8029,8011,8018,8021,8027,8029,8043,8033,8037,8042,8023,8037,8016,8031,8037,8044,8047,8041,8041,8023,8019,8042,8033,8028,8042,8046,8056,8039,8054,8044,8050,8076,8077,8079,8095,8140,8162,8158,8178,8174,8212,8208,8237,8233,8251,8251,8243,8257,8261,8266,8245,8266,8252,8239,8254,8240,8254,8258,8259,8269,8246,8229,8180,8171,8162,8147,8126,8132,8135,8114,8094,8072,8052,8055,8072,
8057,8077,8053,8031,8053,8033,8014,8033,8025,8023,8022,8024,8026,8035,8024,8040,8025,8034,8015,8030,8044,8039,8032,8054,8011,8030,8053,8040,8039,8049,8040,8050,8044,8056,8060,8056,8080,8077,8077,8100,8133,8160,8159,8170,8177,8193,8210,8227,8229,8249,8250,8250,8257,8251,8266,8266,8266,8255,8247,8253,8242,8250,8264,8255,8268,8251,8208,8178,8177,8174,8144,8122,8134,8130,8107,8092,8078,8050,8053,8062,
8049,8073,8058,8026,8040,8024,8031,8050,8018,8018,8027,8032,8029,8044,8039,8020,8033,8029,8027,8034,8038,8035,8031,8053,8015,8045,8040,8039,8035,8036,8053,8044,8051,8056,8043,8057,8088,8080,8083,8080,8118,8155,8156,8172,8180,8188,8198,8208,8231,8240,8246,8254,8247,8247,8271,8260,8284,8256,8250,8267,8243,8264,8261,8254,8268,8233,8223,8196,8175,8153,8136,8117,8117,8121,8108,8090,8081,8056,8069,8071,
8044,8062,8061,8029,8058,8044,8033,8035,8032,8035,8029,8026,8042,8035,8033,8026,8037,8027,8045,8031,8052,8033,8034,8051,8026,8043,8048,8040,8029,8041,8041,8057,8047,8061,8047,8045,8074,8073,8054,8081,8114,8142,8154,8169,8178,8188,8185,8225,8236,8239,8225,8245,8249,8250,8269,8260,8287,8267,8266,8256,8259,8250,8238,8177,8172,8169,8180,8185,8170,8164,8130,8119,8116,8137,8105,8086,8075,8053,8062,8085,
8042,8053,8049,8039,8067,8030,8033,8042,8041,8028,8023,8029,8024,8038,8041,8025,8033,8039,8041,8041,8040,8048,8040,8049,8026,8026,8032,8029,8042,8053,8050,8052,8044,8061,8050,8054,8074,8080,8076,8072,8085,8134,8155,8158,8155,8182,8177,8214,8216,8243,8241,8244,8252,8243,8265,8267,8272,8252,8259,8254,8241,8226,8178,8129,8138,8135,8115,8114,8142,8146,8134,8114,8119,8119,8071,8072,8079,8050,8063,8088,
8048,8064,8060,8024,8042,8027,8026,8027,8029,8020,8035,8036,8038,8022,8035,8033,8036,8034,8033,8040,8047,8032,8036,8064,8031,8019,8041,8033,8029,8048,8050,8058,8038,8049,8047,8051,8074,8069,8072,8073,8093,8106,8159,8137,8160,8179,8176,8191,8205,8228,8232,8247,8252,8248,8257,8253,8249,8256,8244,8255,8229,8195,8145,8104,8133,8114,8105,8096,8094,8089,8099,8078,8079,8084,8080,8052,8054,8054,8049,8055,
8066,8062,8070,8033,8053,8028,8037,8027,8033,8033,8017,8025,8039,8045,8038,8030,8041,8015,8047,8039,8041,8042,8045,8043,8020,8039,8038,8048,8036,8056,8034,8060,8034,8050,8035,8048,8066,8062,8055,8066,8072,8088,8109,8114,8152,8144,8160,8176,8196,8215,8220,8222,8239,8226,8264,8245,8266,8242,8250,8230,8230,8196,8130,8109,8126,8114,8113,8092,8100,8066,8070,8064,8069,8061,8050,8056,8057,8048,8065,8051,
8057,8061,8050,8034,8040,8029,8031,8038,8047,8039,8028,8032,8029,8055,8027,8059,8035,8046,8032,8025,8041,8038,8045,8050,8025,8039,8039,8027,8031,8058,8044,8051,8037,8059,8041,8047,8069,8066,8066,8064,8061,8084,8078,8083,8097,8111,8110,8132,8149,8161,8195,8219,8231,8222,8243,8226,8260,8235,8236,8218,8206,8151,8104,8099,8107,8103,8101,8069,8082,8065,8057,8048,8058,8042,8051,8055,8053,8051,8047,8048,
8036,8055,8066,8017,8038,8022,8017,8020,8039,8027,8027,8041,8029,8034,8036,8033,8033,8029,8027,8028,8041,8035,8029,8055,8027,8045,8039,8043,8030,8054,8045,8050,8044,8069,8043,8056,8056,8063,8065,8066,8072,8064,8078,8090,8078,8092,8104,8103,8101,8123,8154,8189,8218,8209,8221,8207,8227,8218,8236,8204,8190,8131,8102,8090,8103,8095,8086,8075,8080,8059,8046,8028,8069,8055,8042,8068,8045,8046,8054,8050,
8056,8067,8044,8026,8044,8019,8034,8032,8032,8038,8021,8042,8036,8047,8026,8035,8036,8032,8039,8031,8043,8050,8050,8044,8025,8027,8041,8038,8036,8054,8050,8043,8035,8055,8047,8053,8064,8063,8055,8044,8067,8054,8079,8068,8064,8088,8103,8088,8094,8083,8123,8154,8182,8187,8201,8204,8222,8232,8204,8194,8171,8126,8090,8082,8107,8090,8090,8066,8075,8067,8042,8047,8062,8050,8038,8020,8041,8040,8047,8055,
8062,8068,8048,8037,8052,8038,8027,8037,8033,8037,8016,8024,8043,8046,8031,8036,8031,8028,8033,8036,8054,8045,8037,8053,8028,8035,8030,8026,8030,8047,8042,8054,8035,8060,8044,8038,8063,8066,8057,8062,8048,8059,8086,8069,8065,8089,8088,8106,8094,8088,8130,8152,8174,8177,8199,8185,8207,8197,8187,8159,8165,8110,8089,8066,8069,8078,8073,8075,8088,8062,8041,8035,8050,8050,8040,8036,8046,8046,8036,8044,
8039,8060,8054,8022,8075,8026,8025,8031,8043,8035,8032,8027,8039,8039,8031,8035,8030,8027,8046,8037,8041,8035,8035,8050,8023,8041,8050,8043,8027,8053,8052,8054,8043,8051,8039,8028,8058,8061,8059,8051,8039,8051,8069,8060,8061,8073,8081,8072,8088,8084,8127,8148,8165,8170,8203,8180,8194,8177,8168,8143,8118,8095,8072,8059,8089,8083,8082,8062,8065,8066,8046,8057,8051,8045,8053,8043,8050,8038,8050,8059,
8051,8062,8052,8028,8050,8042,8032,8028,8035,8029,8024,8030,8030,8044,8035,8034,8030,8027,8036,8034,8040,8040,8046,8056,8027,8048,8043,8041,8027,8051,8048,8051,8047,8045,8040,8050,8052,8052,8065,8054,8054,8050,8061,8056,8061,8071,8082,8079,8070,8072,8123,8157,8152,8142,8178,8164,8152,8139,8116,8102,8077,8077,8062,8073,8083,8077,8072,8059,8050,8032,8050,8032,8050,8039,8049,8044,8044,8045,8061,8055,
8051,8054,8059,8025,8028,8037,8027,8018,8037,8027,8011,8026,8046,8064,8043,8028,8034,8025,8042,8041,8042,8049,8043,8050,8016,8032,8034,8029,8032,8049,8035,8050,8030,8054,8048,8048,8048,8039,8061,8043,8029,8055,8055,8065,8058,8062,8071,8068,8078,8064,8100,8114,8130,8116,8145,8096,8113,8081,8083,8076,8077,8057,8065,8067,8074,8075,8073,8051,8055,8048,8028,8034,8062,8037,8031,8023,8033,8041,8039,8041,
8053,8046,8046,8038,8060,8028,8026,8039,8025,8036,8046,8044,8043,8040,8040,8032,8026,8023,8041,8023,8029,8038,8035,8039,8030,8031,8043,8041,8028,8040,8048,8043,8033,8047,8031,8032,8049,8059,8054,8034,8043,8043,8062,8071,8070,8070,8048,8073,8076,8058,8071,8077,8092,8084,8101,8075,8091,8077,8071,8063,8070,8052,8047,8049,8074,8072,8067,8042,8059,8049,8035,8039,8053,8031,8044,8030,8055,8041,8038,8062,
8047,8056,8059,8042,8055,8028,8040,8022,8025,8042,8015,8037,8032,8042,8044,8038,8039,8028,8046,8030,8033,8042,8038,8041,8036,8037,8047,8035,8034,8042,8032,8037,8039,8017,8031,8036,8059,8054,8050,8050,8026,8057,8054,8044,8056,8060,8056,8057,8065,8067,8065,8063,8069,8061,8090,8071,8082,8076,8069,8067,8049,8062,8056,8061,8073,8069,8036,8068,8051,8047,8039,8043,8061,8047,8041,8050,8047,8023,8051,8048,
8055,8051,8051,8034,8046,8022,8036,8030,8038,8028,8017,8041,8026,8044,8033,8032,8019,8028,8038,8023,8026,8035,8037,8048,8034,8026,8035,8037,8031,8030,8030,8038,8053,8045,8043,8049,8039,8044,8049,8032,8040,8043,8055,8046,8064,8069,8053,8054,8066,8054,8050,8056,8064,8063,8076,8068,8066,8069,8064,8059,8046,8054,8041,8053,8074,8052,8052,8032,8038,8043,8029,8035,8056,8046,8058,8033,8050,8029,8037,8042,
8039,8037,8061,8026,8041,8039,8037,8038,8022,8023,8040,8032,8043,8037,8031,8018,8033,8026,8039,8029,8046,8039,8037,8033,8036,8030,8039,8046,8035,8034,8040,8048,8030,8031,8021,8022,8052,8065,8051,8038,8020,8035,8062,8061,8052,8056,8059,8066,8048,8046,8041,8045,8044,8057,8060,8064,8062,8062,8062,8055,8068,8050,8051,8031,8066,8067,8068,8050,8047,8052,8025,8035,8039,8052,8056,8041,8042,8048,8033,8044,
8047,8066,8053,8037,8042,8044,8025,8028,8028,8036,8031,8029,8031,8031,8031,8038,8037,8030,8047,8035,8044,8043,8021,8041,8031,8028,8027,8030,8028,8041,8028,8034,8037,8033,8026,8025,8040,8051,8036,8044,8043,8042,8051,8046,8050,8053,8056,8055,8039,8053,8045,8036,8057,8037,8069,8058,8062,8074,8057,8050,8038,8058,8060,8044,8076,8069,8060,8044,8050,8032,8033,8041,8051,8037,8049,8049,8041,8028,8027,8056,
8040,8063,8041,8020,8060,8040,8029,8033,8035,8030,8027,8036,8041,8044,8032,8033,8041,8032,8041,8022,8033,8029,8029,8044,8030,8026,8023,8035,8030,8044,8034,8032,8026,8045,8042,8029,8050,8054,8040,8037,8045,8050,8044,8052,8055,8055,8049,8038,8040,8049,8042,8055,8065,8030,8065,8047,8052,8054,8046,8039,8069,8040,8039,8022,8072,8058,8047,8032,8039,8047,8021,8034,8048,8039,8043,8032,8034,8035,8020,8049,
8034,8050,8050,8034,8051,8031,8045,8047,8032,8046,8023,8030,8038,8045,8030,8033,8017,8037,8035,8039,8035,8037,8025,8049,8029,8040,8030,8042,8024,8028,8023,8038,8029,8035,8020,8028,8057,8047,8050,8042,8042,8031,8046,8057,8039,8058,8039,8052,8047,8058,8044,8040,8036,8035,8062,8049,8057,8072,8049,8049,8042,8051,8029,8036,8070,8063,8048,8049,8038,8040,8031,8022,8031,8041,8038,8038,8045,8028,8033,8056,
8031,8071,8057,8015,8050,8035,8024,8034,8046,8054,8030,8034,8032,8044,8031,8033,8026,8033,8034,8032,8034,8049,8036,8035,8036,8042,8036,8034,8032,8030,8034,8041,8044,8033,8028,8037,8036,8045,8048,8037,8030,8035,8055,8042,8052,8040,8046,8043,8051,8046,8046,8058,8051,8044,8065,8042,8043,8056,8044,8041,8035,8029,8033,8034,8052,8060,8052,8039,8044,8029,8022,8027,8041,8048,8027,8033,8033,8016,8033,8050,
8050,8055,8061,8033,8042,8019,8041,8031,8033,8044,8031,8041,8044,8042,8023,8040,8033,8032,8042,8040,8041,8040,8029,8040,8038,8037,8031,8031,8032,8032,8048,8035,8037,8038,8028,8020,8062,8042,8047,8044,8041,8025,8040,8046,8041,8055,8044,8063,8047,8045,8053,8043,8046,8037,8069,8052,8052,8051,8061,8039,8040,8060,8053,8042,8064,8051,8046,8040,8043,8048,8033,8046,8037,8028,8045,8041,8054,8036,8041,8042,
8054,8053,8068,8047,8042,8039,8043,8050,8039,8046,8028,8045,8042,8043,8031,8024,8032,8049,8049,8024,8041,8047,8024,8033,8034,8031,8041,8033,8026,8019,8042,8044,8027,8039,8044,8041,8049,8033,8048,8030,8042,8043,8040,8047,8057,8056,8026,8037,8033,8038,8048,8027,8026,8036,8064,8044,8067,8045,8054,8040,8037,8051,8033,8028,8068,8050,8040,8037,8036,8045,8036,8040,8046,8014,8040,8041,8045,8025,8039,8043,
8044,8035,8048,8026,8067,8025,8036,8029,8035,8032,8017,8035,8024,8037,8023,8049,8022,8026,8031,8021,8043,8035,8030,8045,8039,8024,8032,8023,8032,8029,8031,8045,8039,8028,8031,8048,8058,8040,8046,8033,8037,8041,8019,8043,8039,8051,8039,8038,8039,8027,8048,8034,8038,8034,8047,8040,8054,8049,8051,8033,8041,8051,8029,8043,8062,8050,8046,8044,8024,8039,8022,8041,8038,8018,8042,8043,8025,8026,8021,8042,
8060,8048,8058,8038,8049,8035,8041,8040,8039,8041,8029,8042,8028,8042,8040,8039,8036,8032,8038,8027,8034,8036,8031,8031,8000,8032,8043,8042,8033,8048,8039,8033,8039,8028,8033,8039,8039,8028,8045,8039,8048,8033,8036,8041,8045,8043,8056,8052,8041,8038,8051,8043,8035,8050,8049,8032,8047,8053,8051,8025,8037,8051,8043,8037,8060,8060,8060,8024,8046,8043,8024,8017,8016,8015,8037,8046,8027,8020,8009,8029,
8054,8042,8055,8031,8060,8038,8031,8035,8032,8038,8029,8040,8046,8050,8026,8032,8028,8031,8041,8024,8042,8023,8030,8025,8022,8025,8033,8025,8024,8036,8042,8031,8035,8041,8049,8027,8053,8056,8056,8040,8055,8037,8031,8050,8052,8047,8051,8046,8044,8035,8035,8037,8032,8038,8046,8034,8033,8048,8058,8046,8046,8041,8040,8028,8062,8036,8036,8039,8035,8027,8037,8013,8031,8029,8028,8038,8040,8021,8026,8029,
8038,8067,8058,8039,8052,8035,8033,8046,8042,8035,8023,8031,8043,8045,8031,8037,8018,8038,8036,8040,8024,8039,8032,8041,8029,8045,8047,8029,8026,8040,8036,8030,8032,8037,8037,8036,8058,8043,8046,8034,8038,8030,8049,8054,8053,8050,8044,8052,8037,8037,8044,8023,8051,8025,8045,8042,8057,8034,8027,8043,8044,8047,8031,8024,8057,8051,8038,8028,8037,8025,8037,8030,8029,8031,8037,8049,8028,8002,8029,8045,
8063,8046,8056,8033,8036,8034,8032,8033,8034,8047,8038,8042,8049,8064,8029,8040,8041,8034,8046,8017,8039,8038,8015,8026,8024,8032,8034,8029,8036,8052,8048,8039,8026,8044,8029,8030,8054,8042,8044,8041,8049,8039,8045,8052,8051,8050,8056,8047,8034,8042,8041,8034,8041,8047,8051,8037,8039,8029,8057,8042,8044,8046,8047,8041,8057,8060,8047,8034,8027,8029,8024,8021,8034,8043,8038,8046,8022,8020,8024,8030,
8040,8047,8055,8020,8027,8027,8032,8033,8036,8040,8035,8043,8048,8053,8049,8032,8024,8020,8037,8018,8044,8042,8026,8025,8006,8040,8040,8032,8035,8035,8038,8036,8047,8043,8030,8031,8041,8034,8050,8023,8038,8028,8053,8060,8034,8054,8033,8056,8060,8042,8039,8025,8047,8020,8051,8048,8043,8052,8052,8054,8037,8035,8028,8029,8049,8060,8052,8023,8029,8026,8023,8023,8038,8042,8035,8040,8013,8030,8023,8047,
8043,8050,8051,8023,8041,8030,8029,8029,8046,8037,8034,8051,8036,8037,8052,8034,8040,8030,8053,8040,8050,8041,8032,8048,8028,8026,8028,8034,8044,8051,8039,8054,8034,8059,8040,8040,8064,8044,8066,8038,8034,8049,8042,8036,8038,8062,8053,8053,8053,8044,8049,8038,8044,8036,8054,8027,8063,8035,8041,8071,8040,8039,8032,8024,8067,8039,8057,8048,8039,8043,8043,8031,8030,8032,8031,8019,8059,8023,8037,8023,
8033,8038,8049,8025,8044,8031,8044,8036,8052,8045,8031,8050,8037,8048,8046,8027,8043,8028,8031,8039,8047,8044,8042,8036,8029,8028,8032,8031,8038,8040,8046,8044,8029,8041,8051,8030,8054,8040,8052,8044,8040,8037,8042,8039,8043,8041,8053,8045,8050,8027,8039,8031,8033,8047,8051,8025,8044,8046,8044,8037,8039,8032,8038,8030,8061,8049,8064,8043,8023,8041,8041,8023,8045,8032,8016,8031,8030,8027,8036,8034,
8006,8056,8056,8009,8050,8030,8033,8037,8045,8052,8032,8044,8041,8057,8057,8050,8023,8031,8041,8024,8050,8038,8036,8039,8021,8026,8032,8029,8028,8039,8033,8028,8038,8048,8028,8041,8040,8044,8047,8043,8026,8041,8038,8037,8033,8046,8049,8053,8063,8033,8044,8038,8026,8034,8045,8036,8058,8042,8046,8041,8036,8031,8038,8040,8054,8048,8060,8035,8034,8006,8018,8018,8043,8021,8025,8018,8017,7999,8008,8044,
8026,8049,8066,8028,8058,8027,8030,8028,8042,8034,8023,8052,8034,8056,8041,8039,8052,8035,8044,8036,8017,8045,8034,8044,8020,8026,8034,8026,8024,8038,8041,8030,8040,8036,8047,8042,8053,8056,8045,8039,8033,8037,8048,8048,8055,8063,8053,8055,8064,8045,8048,8044,8037,8036,8062,8043,8040,8027,8035,8046,8032,8034,8038,8021,8070,8045,8067,8053,8049,8038,8035,8016,8043,7999,8036,8025,8040,8022,8016,8033,
29.60,25.83,False,1,0,16,41,21,29