8009,8001,8025,8011,8015,8032,8000,8021,8019,8004,8027,8059,8034,8042,8040,8037,8047,8030,8048,8032,8019,8030,8014,8027,8018,8035,8043,8031,8015,8024,8030,8028,8022,8020,8025,8032,8021,8030,8040,8028,8032,8018,8029,8031,8045,8038,8040,8038,8026,8018,8041,8042,8052,8036,8035,8037,8041,8045,8045,8026,8077,8019,8024,8019,8035,8050,8026,8037,8038,8032,8067,8031,8049,8036,8041,8021,8049,8032,8060,8040,
8033,8026,8027,8011,8008,8027,8007,8002,8035,8026,8029,8056,8044,8041,8023,8054,8022,8022,8043,8025,8022,8027,8012,8043,8016,8033,8022,8039,8016,8018,8021,8031,8026,8016,8016,8034,8038,8032,8032,8029,8059,8030,8018,8032,8051,8027,8060,8048,8008,8039,8034,8035,8055,8024,8048,8035,8044,8034,8049,8038,8054,8026,8042,8022,8023,8044,8038,8030,8044,8054,8056,8053,8046,8033,8034,8033,8030,8026,8044,8016,
8019,8021,8012,8005,8014,8045,8009,8009,8019,8020,8028,8048,8029,8045,8048,8055,8027,8036,8043,8034,8022,8024,8013,8038,8025,8025,8024,8036,8006,8021,8044,8031,8029,8025,8014,8046,8043,8025,8032,8031,8035,8019,8034,8043,8038,8032,8041,8050,8023,8036,8031,8043,8052,8046,8045,8044,8043,8031,8057,8033,8053,8032,8025,8030,8036,8038,8044,8030,8027,8047,8054,8046,8043,8032,8030,8028,8028,8037,8026,8009,
8016,8017,8012,8007,8012,8033,8018,8009,8044,8046,8025,8044,8053,8042,8038,8029,8037,8025,8032,8012,8019,8015,8016,8036,8015,8033,8038,8033,8025,8027,8035,8038,8029,8018,8010,8039,8046,8032,8024,8042,8032,8018,8026,8046,8036,8030,8039,8046,8043,8032,8034,8037,8057,8036,8030,8030,8049,8044,8034,8033,8059,8028,8025,8028,8042,8048,8042,8025,8042,8016,8042,8052,8060,8031,8046,8030,8035,8026,8017,8030,
8016,8001,8010,7992,8031,8028,8030,8025,8036,8027,8026,8060,8036,8040,8025,8042,8044,8022,8050,8019,8031,8032,8004,8029,8025,8028,8043,8019,8023,8019,8031,8031,8035,8027,8021,8041,8049,8035,8033,8031,8043,8032,8031,8030,8051,8033,8047,8047,8048,8033,8028,8038,8047,8032,8032,8026,8057,8048,8038,8036,8048,8040,8032,8023,8036,8033,8036,8029,8052,8023,8045,8053,8044,8044,8042,8038,8039,8037,8036,8024,
7997,8002,8019,8003,8022,8031,8036,8020,8027,8033,8022,8036,8025,8024,8029,8052,8046,8020,8037,8021,8005,8030,8006,8018,8018,8032,8038,8024,8025,8026,8022,8021,8022,8033,8004,8048,8037,8030,8037,8042,8046,8002,8034,8026,8048,8017,8056,8055,8021,8036,8040,8038,8062,8038,8033,8038,8045,8034,8033,8037,8045,8020,8035,8033,8031,8043,8050,8026,8041,8029,8048,8051,8057,8029,8038,8026,8055,8024,8039,8015,
8020,8007,8017,8013,8020,8026,8032,8033,8043,8032,8010,8045,8039,8035,8032,8051,8023,8015,8042,8022,8039,8036,8019,8029,8009,8036,8044,8046,8020,8039,8032,8028,8031,8036,8024,8039,8038,8032,8044,8039,8048,8035,8037,8042,8055,8029,8043,8056,8027,8037,8038,8044,8057,8029,8031,8047,8058,8040,8058,8037,8058,8042,8025,8033,8042,8046,8039,8029,8037,8040,8053,8057,8047,8029,8020,8049,8040,8023,8033,8033,
8000,8030,8025,8017,8024,8017,8035,8022,8055,8008,8030,8033,8026,8038,8030,8040,8030,8012,8039,8037,8017,8034,8022,8033,8021,8036,8035,8028,8026,8031,8038,8015,8018,8037,8028,8052,8038,8033,8042,8038,8044,8031,8033,8044,8065,8028,8054,8065,8053,8055,8051,8044,8051,8046,8044,8049,8041,8026,8048,8053,8065,8037,8045,8028,8035,8043,8039,8028,8038,8034,8067,8048,8058,8045,8044,8028,8052,8020,8033,8035,
8031,8011,8022,8027,8021,8028,8012,8019,8031,8021,8011,8036,8029,8027,8036,8038,8026,8021,8037,8015,8044,8033,8008,8037,8018,8038,8041,8043,8028,8041,8035,8033,8041,8038,8022,8051,8046,8025,8053,8039,8047,8036,8024,8034,8060,8049,8062,8042,8041,8040,8042,8056,8060,8054,8047,8030,8038,8026,8044,8046,8071,8040,8044,8026,8058,8040,8027,8030,8059,8042,8054,8056,8048,8046,8044,8034,8061,8020,8043,8045,
8015,8018,8018,8011,8018,8026,8017,7992,8043,8015,8016,8031,8039,8045,8032,8045,8029,8024,8036,8013,8030,8039,8020,8036,8020,8029,8042,8031,8019,8025,8034,8027,8041,8038,8034,8057,8049,8044,8046,8050,8056,8025,8049,8037,8058,8039,8065,8045,8055,8037,8033,8060,8070,8055,8054,8053,8034,8046,8049,8033,8070,8038,8045,8036,8036,8064,8034,8034,8050,8045,8051,8068,8036,8021,8047,8043,8062,8020,8037,8034,
8021,8001,8033,8019,8011,8015,8025,8008,8023,8014,7998,8053,8023,8042,8030,8036,8037,8034,8049,8022,8028,8019,7999,8030,8021,8029,8041,8046,8023,8031,8043,8044,8043,8038,8026,8046,8051,8049,8051,8038,8049,8037,8049,8041,8055,8043,8054,8052,8051,8048,8046,8058,8071,8064,8059,8054,8048,8036,8050,8040,8058,8040,8048,8024,8054,8059,8028,8021,8050,8047,8059,8051,8042,8034,8028,8040,8065,8025,8044,8040,
8030,8024,8024,8037,8027,8025,8029,8020,8031,8034,8024,8042,8032,8032,8031,8042,8043,8029,8037,8009,8033,8040,8018,8035,8032,8021,8037,8045,8031,8038,8042,8026,8031,8043,8038,8052,8064,8044,8050,8055,8049,8042,8044,8044,8061,8036,8066,8066,8043,8051,8048,8057,8070,8069,8049,8047,8060,8043,8053,8050,8071,8044,8024,8032,8047,8061,8044,8037,8036,8029,8059,8056,8040,8047,8044,8049,8047,8023,8056,8031,
8031,8023,8029,8048,8020,8042,8027,8013,8031,8029,8031,8059,8027,8041,8032,8045,8033,8021,8046,8026,8028,8022,8028,8036,8027,8026,8039,8026,8027,8035,8057,8053,8046,8038,8038,8044,8051,8045,8053,8052,8044,8056,8050,8050,8061,8049,8076,8056,8046,8052,8058,8051,8070,8066,8049,8054,8039,8040,8050,8047,8068,8045,8042,8040,8029,8048,8040,8043,8043,8021,8061,8033,8049,8052,8052,8044,8043,8026,8058,8017,
8033,8028,8022,8043,8019,8036,8040,8004,8043,8034,8017,8033,8030,8040,8038,8032,8053,8025,8039,8024,8028,8039,8019,8045,8030,8037,8064,8030,8026,8045,8054,8043,8040,8041,8041,8045,8065,8051,8054,8057,8064,8043,8047,8043,8063,8060,8082,8061,8049,8050,8056,8057,8058,8065,8064,8049,8064,8048,8059,8031,8065,8036,8033,8028,8036,8047,8046,8035,8051,8054,8065,8036,8050,8043,8035,8027,8029,8016,8048,8041,
8042,8033,8030,8045,8029,8034,8016,8019,8029,8030,8040,8058,8040,8042,8035,8045,8045,8029,8049,8028,8034,8048,8006,8050,8030,8038,8052,8045,8039,8049,8060,8048,8044,8042,8050,8043,8082,8034,8052,8049,8058,8050,8054,8046,8071,8059,8072,8074,8057,8057,8058,8056,8080,8048,8055,8052,8051,8040,8059,8050,8062,8056,8039,8039,8056,8055,8053,8052,8062,8039,8050,8058,8044,8034,8044,8025,8066,8047,8049,8032,
8041,8043,8038,8034,8045,8047,8038,8030,8048,8034,8030,8059,8031,8040,8043,8040,8042,8037,8057,8036,8031,8047,8022,8049,8031,8040,8060,8056,8044,8034,8057,8049,8061,8046,8052,8050,8063,8053,8062,8068,8071,8033,8062,8050,8074,8059,8066,8081,8060,8065,8085,8075,8064,8058,8059,8060,8054,8053,8047,8053,8074,8055,8040,8034,8041,8054,8045,8037,8053,8051,8071,8046,8042,8044,8028,8047,8051,8025,8036,8052,
8039,8037,8049,8037,8045,8050,8045,8033,8063,8043,8041,8067,8034,8050,8050,8039,8037,8044,8056,8024,8059,8052,8029,8059,8039,8047,8077,8047,8039,8054,8048,8060,8054,8065,8060,8060,8080,8065,8073,8068,8081,8060,8071,8068,8072,8063,8082,8077,8077,8065,8056,8061,8078,8062,8053,8048,8064,8070,8054,8049,8074,8048,8044,8068,8042,8050,8049,8060,8064,8050,8067,8071,8051,8035,8044,8052,8047,8026,8047,8055,
8037,8030,8044,8068,8043,8028,8042,8037,8052,8034,8045,8054,8044,8046,8056,8052,8031,8043,8057,8031,8041,8053,8015,8048,8043,8046,8076,8059,8051,8062,8050,8070,8067,8066,8070,8084,8083,8051,8076,8074,8083,8071,8080,8077,8086,8076,8094,8092,8081,8080,8068,8071,8080,8070,8078,8051,8075,8048,8074,8064,8080,8052,8042,8038,8054,8069,8053,8044,8058,8052,8062,8059,8046,8052,8056,8052,8054,8043,8074,8050,
8040,8021,8050,8039,8046,8047,8032,8049,8049,8046,8035,8060,8048,8045,8048,8040,8058,8047,8062,8023,8048,8051,8026,8050,8040,8040,8083,8057,8046,8057,8061,8072,8069,8074,8074,8081,8079,8063,8088,8088,8098,8074,8089,8079,8109,8102,8121,8130,8089,8095,8070,8092,8079,8068,8060,8062,8076,8056,8071,8052,8070,8057,8064,8046,8061,8060,8041,8057,8055,8050,8051,8074,8052,8035,8035,8061,8039,8032,8054,8059,
8036,8042,8035,8052,8033,8031,8039,8039,8042,8042,8038,8052,8041,8051,8046,8046,8057,8036,8051,8025,8050,8048,8045,8065,8065,8056,8081,8058,8063,8082,8076,8077,8084,8080,8087,8089,8095,8080,8101,8092,8092,8078,8091,8097,8110,8126,8143,8150,8126,8102,8100,8086,8096,8081,8066,8065,8075,8060,8081,8062,8091,8068,8061,8042,8060,8062,8054,8059,8047,8049,8055,8060,8046,8047,8056,8048,8042,8030,8046,8053,
8042,8054,8048,8053,8051,8031,8043,8033,8054,8036,8044,8067,8045,8048,8051,8044,8052,8042,8041,8032,8044,8057,8035,8076,8054,8060,8091,8065,8060,8072,8079,8078,8090,8088,8084,8095,8108,8099,8110,8123,8116,8082,8088,8099,8122,8145,8165,8178,8145,8117,8102,8093,8106,8089,8084,8080,8074,8060,8085,8072,8093,8059,8041,8046,8060,8066,8047,8061,8065,8058,8058,8059,8048,8062,8035,8054,8053,8033,8047,8041,
8043,8043,8047,8056,8047,8047,8045,8037,8067,8050,8037,8053,8040,8047,8053,8046,8038,8048,8075,8050,8067,8054,8046,8066,8078,8059,8098,8077,8065,8085,8080,8095,8087,8096,8106,8137,8130,8140,8155,8143,8132,8113,8113,8121,8143,8127,8174,8166,8152,8146,8111,8092,8108,8086,8091,8081,8087,8059,8078,8061,8099,8069,8066,8052,8073,8061,8045,8053,8048,8035,8073,8050,8042,8054,8049,8045,8047,8029,8054,8053,
8049,8055,8055,8040,8043,8040,8034,8058,8042,8024,8042,8053,8043,8061,8040,8041,8035,8050,8057,8049,8059,8075,8051,8081,8076,8076,8105,8083,8073,8090,8093,8116,8134,8129,8155,8171,8172,8188,8195,8186,8177,8166,8179,8177,8200,8173,8170,8160,8155,8168,8143,8121,8121,8096,8096,8079,8095,8091,8092,8093,8089,8069,8057,8069,8076,8064,8054,8044,8060,8053,8073,8071,8045,8050,8045,8049,8055,8049,8031,8046,
8047,8055,8071,8043,8058,8045,8058,8024,8056,8041,8050,8052,8035,8055,8058,8050,8045,8050,8068,8032,8074,8087,8063,8077,8077,8074,8098,8085,8083,8094,8121,8142,8150,8175,8186,8210,8225,8210,8206,8222,8228,8189,8189,8194,8226,8203,8187,8174,8158,8168,8154,8150,8142,8130,8119,8103,8103,8083,8103,8091,8110,8082,8074,8068,8082,8069,8053,8070,8056,8061,8070,8074,8053,8042,8051,8044,8045,8023,8048,8064,
8041,8051,8050,8061,8063,8063,8037,8053,8056,8041,8042,8056,8038,8052,8053,8037,8062,8061,8090,8052,8077,8072,8054,8070,8085,8060,8109,8100,8101,8118,8133,8156,8184,8194,8200,8227,8223,8202,8209,8196,8186,8168,8179,8186,8215,8186,8193,8202,8175,8183,8177,8153,8168,8145,8145,8149,8155,8147,8126,8099,8120,8106,8121,8107,8095,8083,8065,8067,8066,8030,8082,8051,8044,8033,8044,8042,8062,8045,8072,8037,
8049,8056,8041,8058,8055,8055,8047,8037,8058,8033,8051,8064,8044,8052,8057,8060,8057,8056,8055,8055,8068,8073,8058,8069,8072,8093,8109,8113,8109,8138,8152,8176,8184,8201,8216,8218,8203,8198,8206,8198,8182,8170,8177,8191,8202,8188,8198,8199,8179,8179,8169,8182,8175,8183,8164,8174,8183,8181,8159,8148,8149,8132,8114,8086,8077,8081,8058,8056,8062,8049,8088,8062,8072,8057,8051,8054,8054,8037,8055,8054,
8038,8051,8051,8056,8071,8044,8059,8038,8065,8035,8025,8073,8033,8048,8053,8054,8050,8063,8090,8056,8074,8063,8058,8082,8080,8108,8129,8140,8118,8150,8177,8177,8186,8195,8196,8191,8209,8193,8218,8197,8183,8172,8195,8177,8202,8185,8188,8186,8169,8176,8172,8162,8179,8171,8162,8175,8181,8170,8143,8115,8130,8102,8104,8074,8085,8088,8069,8069,8068,8052,8083,8068,8062,8043,8044,8041,8060,8034,8044,8041,
8044,8057,8055,8031,8056,8042,8048,8038,8054,8042,8041,8067,8057,8055,8062,8062,8059,8055,8064,8064,8078,8077,8067,8082,8099,8107,8153,8163,8160,8161,8183,8178,8187,8198,8202,8209,8201,8203,8230,8207,8186,8174,8190,8184,8201,8171,8197,8211,8171,8189,8179,8185,8180,8171,8140,8148,8142,8143,8124,8094,8128,8102,8074,8082,8073,8085,8070,8072,8066,8059,8077,8063,8055,8061,8036,8076,8068,8051,8075,8062,
8053,8051,8046,8048,8049,8046,8060,8038,8057,8046,8054,8071,8049,8057,8059,8054,8054,8066,8077,8061,8068,8073,8064,8085,8096,8134,8191,8196,8206,8197,8210,8202,8197,8200,8201,8199,8204,8194,8221,8214,8196,8174,8183,8182,8199,8180,8191,8206,8177,8191,8180,8177,8176,8160,8162,8161,8172,8153,8156,8128,8146,8115,8112,8103,8078,8069,8055,8054,8068,8044,8073,8059,8051,8061,8072,8051,8065,8045,8072,8063,
8044,8045,8053,8060,8062,8061,8053,8048,8062,8057,8059,8053,8046,8075,8058,8060,8052,8061,8069,8058,8085,8082,8080,8105,8129,8165,8244,8231,8238,8257,8258,8230,8226,8208,8195,8199,8191,8206,8211,8216,8193,8187,8181,8178,8195,8198,8206,8200,8187,8195,8170,8168,8186,8175,8171,8167,8177,8180,8189,8147,8165,8145,8135,8117,8113,8090,8067,8068,8071,8057,8086,8076,8057,8062,8054,8056,8065,8046,8059,8069,
8035,8042,8046,8044,8062,8053,8042,8051,8050,8047,8044,8049,8048,8063,8066,8052,8066,8077,8075,8061,8078,8079,8071,8086,8152,8200,8270,8263,8237,8274,8267,8234,8201,8205,8195,8203,8189,8198,8211,8206,8205,8181,8165,8173,8198,8177,8201,8199,8189,8188,8174,8155,8168,8159,8169,8167,8180,8169,8172,8126,8139,8100,8098,8116,8110,8088,8059,8066,8066,8056,8081,8058,8062,8047,8048,8045,8052,8048,8051,8038,
8043,8047,8056,8051,8073,8058,8041,8036,8049,8040,8031,8077,8036,8061,8049,8053,8059,8071,8075,8067,8096,8083,8076,8098,8132,8213,8242,8257,8245,8262,8277,8232,8201,8199,8195,8193,8193,8201,8225,8214,8207,8185,8172,8171,8195,8191,8201,8212,8193,8195,8176,8167,8182,8160,8154,8151,8136,8135,8120,8104,8122,8090,8076,8083,8092,8089,8069,8071,8074,8066,8075,8060,8057,8061,8063,8056,8061,8031,8042,8057,
8051,8046,8046,8052,8052,8053,8049,8040,8069,8051,8046,8081,8037,8058,8063,8061,8062,8065,8083,8065,8076,8089,8082,8101,8133,8165,8209,8205,8195,8217,8224,8223,8205,8183,8200,8210,8200,8193,8213,8218,8207,8172,8165,8161,8196,8187,8205,8212,8177,8190,8170,8173,8177,8137,8145,8126,8117,8108,8101,8091,8126,8094,8085,8082,8098,8086,8066,8082,8059,8057,8088,8052,8049,8053,8065,8048,8055,8057,8043,8052,
8047,8054,8053,8050,8052,8061,8047,8038,8074,8040,8037,8056,8050,8051,8063,8053,8063,8059,8074,8056,8060,8081,8064,8090,8080,8110,8152,8150,8135,8154,8205,8193,8189,8181,8189,8200,8201,8174,8173,8187,8179,8171,8170,8174,8201,8202,8212,8197,8189,8186,8148,8150,8163,8138,8132,8119,8117,8097,8112,8082,8111,8086,8078,8079,8076,8074,8056,8055,8071,8054,8078,8060,8072,8065,8050,8040,8060,8038,8054,8044,
8046,8042,8052,8039,8047,8062,8039,8030,8050,8043,8038,8053,8053,8048,8065,8056,8049,8055,8062,8043,8075,8076,8072,8074,8083,8084,8123,8104,8101,8122,8152,8164,8204,8176,8181,8209,8192,8178,8168,8170,8175,8159,8164,8184,8224,8195,8213,8171,8138,8144,8120,8106,8134,8102,8099,8097,8091,8095,8084,8083,8113,8084,8079,8058,8080,8079,8071,8060,8067,8055,8065,8052,8049,8056,8054,8046,8060,8040,8045,8046,
8043,8057,8052,8048,8051,8052,8047,8030,8059,8044,8052,8070,8054,8050,8059,8061,8053,8044,8064,8059,8074,8070,8064,8076,8080,8089,8108,8106,8097,8108,8130,8153,8177,8172,8193,8213,8207,8214,8199,8204,8190,8188,8207,8198,8207,8183,8163,8141,8108,8105,8101,8100,8104,8107,8090,8092,8096,8090,8082,8082,8090,8083,8066,8059,8075,8085,8047,8063,8066,8056,8077,8062,8049,8048,8060,8067,8066,8036,8060,8039,
8050,8048,8051,8048,8046,8047,8039,8035,8065,8036,8046,8057,8045,8046,8054,8065,8055,8061,8065,8042,8062,8070,8066,8076,8065,8078,8101,8077,8095,8089,8116,8122,8137,8128,8147,8188,8185,8189,8189,8195,8185,8158,8170,8143,8156,8122,8130,8120,8094,8103,8086,8084,8102,8084,8096,8082,8089,8078,8071,8069,8100,8071,8064,8046,8076,8075,8063,8054,8042,8059,8067,8061,8044,8045,8048,8041,8060,8050,8045,8050,
8053,8041,8051,8057,8063,8038,8053,8036,8063,8064,8040,8053,8045,8060,8058,8057,8066,8061,8076,8058,8055,8064,8061,8073,8064,8069,8089,8093,8080,8098,8089,8112,8119,8109,8108,8126,8137,8123,8136,8125,8132,8116,8115,8114,8118,8105,8118,8104,8102,8099,8093,8078,8104,8087,8081,8083,8076,8079,8084,8075,8090,8069,8057,8055,8085,8073,8048,8047,8070,8062,8083,8060,8034,8053,8058,8047,8065,8045,8061,8076,
8055,8053,8051,8049,8058,8067,8034,8043,8062,8045,8035,8054,8048,8053,8056,8050,8060,8062,8074,8059,8071,8075,8064,8084,8067,8063,8090,8069,8080,8090,8100,8102,8101,8112,8091,8101,8104,8112,8119,8096,8121,8093,8087,8095,8104,8087,8108,8110,8091,8088,8089,8084,8101,8081,8080,8072,8073,8073,8069,8060,8084,8070,8045,8063,8079,8075,8050,8047,8053,8056,8074,8060,8055,8043,8063,8058,8061,8058,8061,8063,
8049,8054,8045,8058,8061,8052,8047,8048,8069,8053,8041,8060,8058,8058,8060,8069,8055,8041,8069,8055,8061,8058,8063,8082,8074,8057,8087,8073,8067,8082,8085,8088,8095,8080,8081,8088,8088,8093,8103,8095,8100,8080,8099,8070,8112,8092,8095,8096,8078,8096,8072,8083,8084,8089,8075,8084,8077,8069,8072,8073,8077,8061,8051,8048,8073,8068,8058,8044,8057,8054,8075,8065,8047,8063,8051,8056,8055,8058,8052,8074,
8048,8052,8067,8045,8051,8040,8055,8048,8065,8051,8045,8055,8050,8057,8059,8048,8065,8049,8069,8041,8066,8065,8052,8073,8059,8060,8090,8073,8071,8079,8077,8082,8093,8079,8066,8088,8087,8096,8085,8102,8095,8072,8086,8083,8085,8090,8085,8090,8080,8087,8083,8062,8085,8090,8082,8071,8077,8062,8069,8052,8072,8075,8047,8036,8051,8074,8043,8060,8043,8060,8067,8051,8043,8068,8046,8044,8076,8047,8067,8065,
8031,8060,8074,8052,8051,8042,8052,8041,8049,8051,8044,8060,8049,8066,8055,8054,8062,8042,8064,8050,8061,8060,8047,8060,8060,8061,8069,8075,8058,8061,8080,8066,8077,8072,8073,8083,8079,8085,8091,8080,8079,8076,8073,8060,8079,8074,8082,8087,8067,8078,8083,8076,8088,8058,8076,8058,8069,8063,8066,8058,8066,8063,8046,8049,8047,8081,8055,8048,8063,8054,8065,8047,8033,8063,8043,8049,8076,8043,8068,8071,
8040,8065,8062,8043,8051,8044,8054,8055,8052,8055,8046,8065,8057,8066,8042,8046,8056,8039,8073,8041,8047,8060,8040,8056,8055,8060,8085,8060,8058,8071,8069,8063,8067,8063,8071,8079,8069,8074,8082,8070,8081,8063,8068,8080,8087,8073,8068,8068,8052,8071,8055,8055,8081,8057,8072,8063,8070,8060,8071,8050,8070,8053,8054,8048,8045,8076,8052,8060,8058,8046,8066,8046,8047,8048,8046,8061,8073,8050,8069,8050,
8039,8053,8059,8053,8053,8052,8051,8044,8058,8053,8048,8052,8054,8068,8052,8060,8057,8054,8054,8042,8061,8062,8054,8049,8054,8065,8079,8055,8064,8062,8073,8066,8078,8063,8060,8060,8064,8064,8074,8077,8074,8069,8071,8068,8086,8073,8088,8078,8062,8078,8066,8058,8087,8072,8070,8049,8072,8051,8049,8063,8060,8064,8071,8057,8058,8073,8035,8050,8052,8051,8082,8059,8045,8070,8058,8043,8071,8043,8064,8057,
8049,8038,8053,8045,8063,8064,8050,8053,8073,8060,8065,8077,8052,8065,8046,8045,8058,8042,8053,8041,8059,8060,8042,8070,8053,8055,8070,8058,8061,8062,8059,8066,8074,8056,8067,8056,8073,8068,8066,8064,8086,8062,8077,8065,8071,8068,8082,8076,8056,8067,8066,8053,8080,8066,8071,8062,8061,8050,8065,8056,8075,8058,8054,8054,8055,8063,8039,8054,8069,8056,8069,8049,8058,8056,8062,8053,8083,8028,8052,8042,
8055,8047,8066,8058,8044,8049,8059,8030,8067,8052,8042,8059,8056,8061,8048,8045,8056,8044,8056,8040,8048,8050,8046,8063,8051,8054,8067,8059,8057,8054,8057,8063,8068,8041,8037,8073,8071,8067,8073,8062,8076,8069,8063,8061,8072,8049,8073,8076,8068,8069,8058,8058,8080,8057,8071,8056,8042,8059,8072,8058,8081,8054,8052,8044,8054,8063,8035,8070,8053,8040,8068,8053,8041,8064,8043,8039,8077,8041,8051,8039,
8039,8052,8055,8066,8050,8058,8078,8050,8051,8058,8055,8058,8067,8056,8065,8070,8044,8038,8059,8029,8063,8064,8035,8045,8046,8066,8074,8061,8061,8059,8056,8061,8072,8065,8058,8064,8067,8073,8059,8059,8081,8068,8057,8065,8061,8069,8073,8069,8053,8072,8059,8043,8076,8057,8068,8058,8058,8051,8064,8058,8063,8052,8042,8036,8046,8068,8052,8057,8050,8046,8073,8065,8061,8066,8043,8050,8062,8037,8058,8048,
8050,8053,8071,8031,8060,8045,8052,8042,8056,8057,8034,8065,8056,8058,8053,8066,8056,8049,8060,8038,8047,8054,8042,8045,8050,8055,8066,8055,8047,8039,8055,8059,8063,8064,8058,8069,8056,8071,8073,8062,8089,8060,8060,8049,8073,8057,8066,8065,8055,8073,8063,8071,8072,8059,8070,8061,8062,8044,8057,8062,8078,8048,8064,8062,8045,8070,8055,8054,8060,8047,8068,8066,8054,8064,8033,8052,8070,8035,8065,8046,
8048,8049,8051,8059,8054,8057,8053,8038,8052,8044,8054,8069,8048,8057,8061,8049,8066,8041,8056,8051,8055,8056,8025,8057,8053,8043,8063,8049,8043,8067,8053,8068,8060,8053,8050,8069,8060,8067,8062,8063,8058,8055,8046,8063,8077,8078,8071,8076,8066,8074,8064,8053,8066,8057,8067,8050,8071,8064,8049,8061,8067,8053,8041,8043,8043,8078,8059,8058,8078,8059,8083,8066,8054,8069,8065,8060,8063,8047,8058,8058,
8041,8070,8057,8065,8048,8058,8050,8060,8065,8058,8027,8048,8056,8058,8041,8051,8044,8043,8050,8052,8055,8053,8028,8055,8059,8051,8071,8060,8048,8039,8052,8053,8054,8063,8039,8070,8055,8067,8071,8054,8073,8057,8051,8053,8065,8061,8059,8068,8037,8063,8068,8060,8068,8066,8065,8053,8050,8046,8052,8060,8058,8043,8041,8050,8063,8070,8064,8053,8063,8053,8089,8066,8054,8051,8047,8043,8066,8043,8057,8041,
8035,8045,8043,8062,8051,8059,8053,8029,8053,8035,8023,8062,8053,8064,8050,8038,8056,8034,8062,8041,8065,8050,8035,8054,8052,8049,8062,8039,8034,8068,8043,8054,8053,8049,8041,8071,8070,8066,8071,8060,8074,8041,8043,8054,8059,8061,8057,8053,8056,8068,8062,8043,8066,8061,8065,8053,8057,8053,8054,8056,8082,8046,8040,8049,8047,8051,8043,8043,8066,8039,8086,8070,8053,8052,8061,8059,8061,8037,8059,8045,
8051,8038,8050,8071,8062,8060,8048,8037,8064,8041,8043,8065,8066,8060,8070,8045,8051,8046,8066,8046,8066,8060,8038,8059,8059,8052,8058,8050,8059,8052,8062,8053,8067,8046,8065,8063,8068,8069,8061,8063,8063,8063,8061,8062,8073,8060,8067,8070,8056,8066,8063,8047,8064,8062,8057,8055,8069,8044,8063,8060,8070,8040,8056,8062,8063,8095,8069,8043,8064,8052,8074,8052,8058,8066,8067,8056,8057,8040,8053,8039,
8043,8039,8041,8066,8055,8062,8056,8039,8064,8046,8033,8063,8052,8058,8057,8044,8063,8033,8057,8044,8052,8047,8052,8041,8059,8042,8062,8055,8034,8056,8041,8051,8063,8046,8048,8057,8055,8059,8064,8061,8069,8058,8039,8053,8059,8072,8076,8066,8055,8065,8054,8060,8069,8060,8071,8065,8071,8047,8055,8057,8077,8060,8046,8059,8072,8068,8071,8043,8072,8040,8086,8050,8051,8058,8070,8061,8065,8039,8054,8053,
8038,8031,8039,8063,8064,8062,8051,8060,8062,8049,8041,8064,8046,8058,8052,8053,8050,8041,8080,8040,8068,8047,8041,8056,8059,8067,8072,8046,8047,8032,8035,8044,8064,8042,8053,8050,8055,8061,8059,8045,8064,8041,8066,8054,8077,8062,8063,8067,8055,8065,8060,8047,8069,8057,8077,8055,8044,8057,8068,8054,8071,8058,8046,8057,8057,8067,8055,8045,8065,8060,8080,8052,8055,8057,8057,8069,8062,8060,8057,8051,
8048,8043,8064,8048,8048,8050,8049,8046,8082,8063,8050,8064,8062,8072,8064,8055,8046,8043,8062,8039,8048,8065,8043,8051,8050,8044,8054,8052,8039,8040,8042,8063,8064,8050,8050,8058,8064,8057,8058,8061,8070,8043,8054,8050,8095,8054,8075,8075,8054,8056,8052,8040,8080,8055,8070,8060,8056,8038,8063,8056,8069,8058,8043,8043,8052,8070,8057,8058,8064,8071,8081,8071,8046,8075,8049,8089,8054,8042,8061,8059,
8056,8036,8040,8064,8055,8065,8052,8045,8065,8057,8040,8066,8050,8053,8051,8039,8046,8048,8056,8044,8054,8058,8037,8047,8030,8047,8061,8055,8043,8058,8053,8037,8071,8052,8041,8062,8074,8070,8069,8060,8092,8059,8057,8056,8075,8081,8069,8069,8046,8080,8070,8059,8072,8064,8071,8063,8063,8052,8055,8050,8082,8050,8059,8036,8049,8058,8073,8053,8075,8067,8095,8050,8049,8053,8060,8069,8066,8044,8059,8044,
8042,8043,8059,8065,8046,8053,8049,8035,8054,8046,8049,8057,8059,8059,8058,8047,8055,8056,8058,8050,8044,8063,8037,8060,8032,8053,8068,8049,8050,8063,8056,8044,8062,8065,8059,8081,8055,8061,8060,8069,8079,8043,8062,8065,8073,8071,8081,8072,8057,8072,8061,8056,8080,8070,8046,8057,8064,8050,8071,8050,8078,8044,8046,8059,8063,8062,8060,8045,8079,8068,8087,8073,8062,8065,8051,8060,8052,8039,8068,8052,
8033,8056,8045,8043,8056,8055,8052,8044,8048,8052,8054,8046,8066,8070,8071,8051,8068,8031,8065,8049,8052,8039,8029,8055,8048,8044,8077,8039,8053,8055,8052,8044,8058,8052,8052,8059,8078,8057,8064,8071,8066,8050,8046,8060,8081,8062,8088,8067,8062,8060,8075,8053,8084,8070,8069,8037,8046,8054,8078,8061,8072,8056,8046,8040,8072,8064,8067,8051,8068,8049,8082,8045,8052,8069,8055,8058,8061,8050,8058,8058,
8047,8070,8047,8061,8058,8043,8044,8045,8057,8054,8042,8058,8056,8044,8069,8048,8041,8051,8049,8040,8060,8066,8030,8060,8050,8042,8068,8043,8061,8061,8051,8048,8057,8046,8059,8060,8071,8069,8050,8058,8070,8056,8058,8056,8063,8067,8085,8078,8045,8067,8078,8056,8067,8061,8060,8049,8052,8063,8058,8058,8070,8062,8050,8038,8054,8061,8054,8055,8063,8075,8079,8060,8054,8067,8036,8063,8064,8030,8056,8047,
8026,8045,8056,8067,8035,8020,8049,8049,8056,8029,8050,8063,8047,8053,8060,8054,8044,8060,8056,8042,8057,8042,8045,8059,8043,8051,8065,8039,8053,8061,8062,8053,8060,8063,8052,8072,8076,8048,8057,8076,8076,8048,8067,8068,8093,8067,8086,8071,8074,8071,8067,8063,8094,8060,8070,8043,8063,8059,8076,8063,8070,8059,8055,8063,8070,8082,8047,8057,8068,8068,8096,8067,8073,8056,8056,8056,8070,8041,8079,8052,
30.95,28.11,False,1,0,19,26,16,39