7983,8017,7977,8000,7989,7997,7979,8003,8015,7969,8017,7986,8007,7986,7998,7996,7984,8000,8001,8001,7998,7994,7982,7985,7992,7994,8000,8012,7979,7982,7990,8002,7979,8008,7993,8004,8011,7976,7989,8013,8007,7997,7993,8007,7989,7992,8001,8007,8004,8028,7979,7977,7998,7990,7988,7995,8008,8015,8002,8015,8021,8029,8024,8005,8020,8035,8029,8034,8025,8003,8031,8012,8004,7987,8016,8027,8007,8019,7998,8009,
7964,7973,7973,8013,7983,7977,7993,7998,8001,7969,8001,7986,7993,7975,7980,8008,7991,8007,7993,7999,7983,7989,7995,7980,7987,7977,7986,8019,7980,7971,7997,8007,7985,7975,7982,7976,8005,7989,7989,7994,8017,7986,7992,8001,7987,7994,8004,8012,8008,8008,7986,7978,8006,8000,8003,8014,8015,8004,8013,8000,8022,8037,8030,8008,8018,8025,8021,8015,8003,8039,8022,8029,8028,7990,8018,8020,8002,8014,7983,8019,
7994,7994,7994,7990,7976,7983,7988,7977,8004,7971,7989,7976,8001,7977,7963,8007,7989,7985,7995,7989,7990,7993,7994,7988,7987,7995,7996,8012,7975,7978,8011,8020,7993,7989,7995,7995,8012,7979,7994,8015,8006,7998,7994,8012,7990,8001,8009,8002,8016,8007,7997,8004,8000,8005,8011,8001,8024,8020,8023,8014,8026,8030,8039,8013,8029,8032,8043,8048,8031,8044,8034,8032,8028,7982,8006,7991,8006,8018,7986,8011,
7992,8009,8003,7985,8001,7989,7971,7995,7991,7970,7983,8008,7995,7984,7973,7982,7975,8007,7997,7995,7988,8002,7993,7983,7997,7997,7978,8015,7986,7994,7995,8018,7982,7993,7992,7988,8007,7982,7989,7992,8012,7985,8006,8020,7986,8005,7996,8006,8004,8020,7987,7977,7988,8006,8008,8018,8009,8024,8025,8006,8019,8034,8036,8040,8043,8073,8047,8065,8050,8049,8059,8040,8054,8008,8021,8014,8020,8003,7993,8013,
7972,7986,7986,7998,7991,7990,8004,8002,8001,7950,8006,7981,7981,7979,7985,7985,7981,7996,7988,7988,7993,7987,7987,7990,8000,8006,7983,8015,7994,7989,7994,8017,7994,8001,7999,8005,8012,7993,8008,7995,8004,7999,7989,7999,7984,8012,8000,8004,8002,8012,7989,7990,8013,8004,8004,8006,8026,8004,8014,8035,8045,8034,8048,8044,8085,8118,8106,8118,8071,8077,8070,8069,8060,8031,8040,8036,8019,8018,8005,8014,
7987,7990,7995,7994,7988,7977,7980,8000,8015,7970,7995,7984,7987,7968,7991,7992,7988,7997,7999,7994,7992,7995,8006,7993,7996,8011,7996,8011,8000,7995,8000,7999,7982,7995,8009,8001,8010,7992,7999,8015,7995,7990,8003,8016,8004,8011,7996,8001,7995,8014,7991,7997,8012,8006,8028,8022,8026,8022,8045,8035,8025,8072,8057,8095,8126,8132,8116,8115,8080,8111,8093,8098,8079,8039,8032,8021,8003,8020,8015,8033,
7974,8010,7983,7988,7999,7983,7993,8021,8015,7975,7988,7988,7972,7974,7986,7984,7989,7990,7999,8004,8008,7994,8001,7994,7980,7989,7993,8020,7997,7988,7994,8014,8002,8011,7996,7987,8011,8000,7999,7998,8010,8007,7996,8002,7990,7999,8010,8010,8012,8029,7999,7993,8013,8019,8015,8016,8015,8031,8040,8040,8056,8089,8120,8112,8135,8145,8115,8127,8093,8111,8136,8109,8112,8067,8063,8027,8019,8052,8030,8040,
7999,8010,7996,7985,7980,7993,8005,7990,8001,7964,7979,7983,7969,7967,7996,7995,7993,7997,7983,7988,7989,7976,7987,7988,7993,7988,7987,8019,8009,7986,7994,7991,7988,8003,8009,7997,8017,7991,8014,8013,7994,7993,8002,7999,7993,8005,8001,8006,8007,8036,7994,8006,8017,8024,8007,8008,8035,8005,8026,8039,8078,8129,8148,8123,8135,8131,8116,8114,8116,8140,8133,8124,8121,8072,8065,8047,8012,8052,8025,8019,
7992,8029,8010,7991,7993,7977,7988,8009,8008,7986,8010,7978,7985,7972,7966,7994,7979,7990,7986,8013,8008,7992,7999,8005,8005,7987,7994,8007,8000,7987,7999,8008,8000,8011,8004,7996,8007,7980,7994,7991,8030,8024,8002,8010,7996,8015,8012,8025,8013,8025,8002,7994,8038,8013,8018,8013,8033,8016,8036,8066,8109,8141,8135,8110,8105,8117,8132,8142,8141,8149,8138,8125,8133,8097,8076,8061,8066,8047,8039,8034,
7991,7993,7985,7995,7999,7968,7980,7993,7996,7963,7999,8004,7989,7987,7994,7994,8005,7989,7999,8009,7998,7996,7995,8001,8000,7989,7986,8000,7992,7992,8002,8005,7988,8014,7999,8002,8017,8015,8012,8008,8023,8006,8000,8016,8007,8020,8008,8016,8013,8028,8000,8002,8020,8026,8017,8012,8022,8041,8055,8100,8105,8116,8109,8106,8123,8127,8134,8140,8139,8132,8149,8119,8124,8114,8101,8085,8058,8058,8043,8038,
8013,7996,7991,8005,7995,7984,7963,7996,7993,7965,7994,7988,7988,7976,7994,7993,7989,7999,8008,8005,8009,8004,7991,8009,7991,7994,7986,8006,7999,7997,8009,8008,7991,8008,8014,8005,8016,8000,8004,8016,8017,8004,8015,8012,8021,8022,8014,8032,8020,8032,7998,8004,8030,8026,8006,8025,8026,8025,8064,8106,8120,8113,8124,8097,8112,8121,8144,8144,8142,8139,8142,8131,8126,8114,8113,8083,8059,8058,8030,8042,
8001,7993,8012,8004,8009,7988,7981,7998,8017,7987,7989,7998,8000,7972,7989,7995,7976,8003,8009,8003,8004,7992,8001,8001,7990,8010,7974,7992,8007,7985,8007,8015,7981,8005,7997,7996,8012,8014,8008,8006,8030,8032,7999,8015,8003,8004,8018,8017,8010,8027,7999,8014,8026,8019,8021,8028,8023,8028,8056,8100,8096,8112,8119,8106,8104,8124,8133,8151,8142,8150,8132,8128,8133,8094,8110,8094,8069,8077,8058,8042,
7994,8004,7995,7998,8008,7986,7972,7999,7987,7968,7983,7996,7984,7984,7992,8002,7997,7994,7994,7999,8007,7997,7993,8002,7993,7989,7998,8007,8006,7989,8007,8017,7996,8009,7995,8015,8013,8009,8010,8012,8010,8017,8010,8016,8003,8010,8020,8025,8015,8029,7987,8007,8022,8037,8020,8026,8026,8051,8046,8081,8088,8118,8127,8114,8111,8118,8130,8143,8110,8147,8143,8127,8137,8112,8118,8121,8081,8062,8054,8034,
8003,8015,8001,8001,8012,7987,8007,8001,7991,7968,7990,8015,7992,7983,7989,8012,7986,7981,7997,7993,8003,7986,7998,8008,7996,8001,7994,8007,8005,7992,8003,8012,7998,8013,8017,8001,8009,8015,7983,8015,8022,8015,8001,8003,7992,8010,8009,8038,8010,8040,8014,8006,8032,8022,8025,8027,8041,8042,8047,8078,8101,8118,8115,8144,8121,8118,8137,8135,8133,8144,8144,8136,8153,8117,8138,8141,8086,8074,8050,8030,
7999,8015,8000,8009,8003,7991,8002,7995,8005,7988,7991,8002,8002,7988,7995,7999,7988,7997,7990,8001,7996,8006,7991,7998,7986,7989,7995,8001,8011,7986,7997,8019,8000,8017,8003,8011,8017,7996,8004,8013,8027,8006,8022,8016,8017,8006,8008,8021,8013,8028,8004,8011,8025,8036,8022,8030,8047,8030,8062,8075,8100,8120,8120,8111,8117,8124,8124,8131,8133,8156,8154,8137,8144,8130,8147,8116,8104,8078,8063,8047,
8000,8003,8006,8005,8001,8008,7983,7997,8002,7987,7995,8002,7987,7978,7994,7999,7998,7979,8003,7995,7993,7991,8012,8004,7978,7989,7993,8012,7998,7978,7999,8012,7989,8011,8000,8003,8022,7993,8003,7995,8028,8013,8002,8027,8003,8013,8021,8020,8006,8032,8015,8025,8025,8023,8026,8022,8055,8035,8061,8105,8097,8107,8108,8124,8097,8126,8130,8131,8137,8141,8137,8131,8145,8119,8142,8153,8110,8073,8036,8041,
8013,8019,8004,8014,8017,7992,8013,8002,8008,7971,7993,7992,7994,8007,8006,7994,7988,8003,8012,8001,8008,8001,7993,8012,7999,8017,8003,8006,7993,7983,8006,8021,8005,8011,8028,8011,8030,7996,8011,8027,8021,8007,8009,8032,8015,8021,8010,8018,8018,8021,8014,8026,8029,8036,8023,8029,8051,8072,8106,8128,8110,8146,8133,8114,8114,8130,8125,8125,8127,8151,8144,8108,8090,8075,8114,8131,8107,8091,8054,8066,
8004,8005,8004,8008,8015,8008,7988,7997,8015,7988,8007,7989,7984,7998,7996,7992,7988,7987,7980,8001,8010,8000,8000,8012,7995,8010,7984,8012,8001,7991,8021,8018,8002,8015,8017,8005,8033,7995,8006,8000,8029,8017,8023,8018,8019,8029,8016,8022,8033,8027,8018,8019,8026,8040,8012,8043,8037,8058,8084,8087,8101,8153,8092,8110,8102,8142,8139,8156,8157,8152,8139,8108,8104,8086,8108,8130,8106,8081,8065,8073,
8003,8007,7999,8001,8001,7985,7986,7990,8004,7978,8004,7988,7996,8004,7992,7988,7992,7995,7983,8007,8014,8006,8003,7996,7981,8009,7997,8008,8019,7990,8005,8031,8002,8026,8018,8009,8033,7978,8012,8009,8033,8007,8016,8016,8018,8009,8022,8029,8028,8042,8023,8024,8022,8043,8043,8039,8054,8044,8081,8071,8096,8126,8092,8086,8096,8120,8176,8157,8152,8152,8139,8128,8104,8092,8079,8128,8116,8073,8084,8069,
8009,7992,7992,7997,8002,7991,7989,8000,8012,7990,7998,7998,7994,7986,7996,8016,7986,8006,8001,8003,8019,8003,7996,7999,8022,8020,8002,8021,8017,7983,8016,8024,8011,8020,8031,8022,8026,8011,8017,8024,8024,8028,8028,8014,8012,8024,8013,8032,8015,8041,8020,8012,8023,8037,8036,8040,8043,8048,8069,8063,8101,8116,8094,8080,8106,8127,8161,8152,8136,8139,8150,8148,8136,8101,8087,8108,8128,8104,8065,8075,
8006,8012,7998,8028,8006,7984,7984,7991,8008,7988,8003,7999,7995,7991,7991,8009,7995,8010,8004,8007,8001,7994,8011,8016,7991,8007,8002,8004,8008,7989,8014,8029,8003,8033,8024,8016,8022,8012,8013,8022,8016,8015,8016,8032,7997,8027,8025,8021,8015,8042,7998,8025,8032,8026,8041,8023,8048,8045,8056,8058,8074,8114,8116,8120,8126,8149,8132,8113,8131,8157,8153,8157,8147,8090,8095,8106,8118,8115,8068,8070,
8009,8013,8006,8008,8036,7991,7988,8002,7994,7986,8018,7988,7991,8006,7997,8008,7988,8000,8012,8002,8005,8013,8010,7993,8005,8007,8005,8004,8008,7982,8004,8035,7996,8007,8025,8021,8043,8008,8015,8018,8019,8002,8026,8020,8021,8025,8019,8031,8030,8024,8014,8006,8028,8048,8033,8039,8056,8039,8056,8057,8100,8146,8153,8133,8098,8095,8099,8121,8124,8156,8153,8150,8151,8120,8087,8107,8125,8099,8069,8075,
8008,8008,8004,8024,8017,7996,7986,8005,8009,7983,8006,7988,7995,7999,7981,8007,7987,7993,8007,8005,8004,7997,7990,8007,8011,8005,8002,8018,8011,7997,8012,8034,7997,8021,8011,8016,8023,8004,8037,8024,8028,8009,8019,8012,8024,8016,8022,8022,8027,8054,8014,8021,8021,8030,8035,8046,8040,8046,8064,8064,8073,8143,8116,8090,8098,8102,8124,8157,8150,8164,8151,8131,8156,8132,8109,8125,8138,8101,8088,8098,
7991,8012,8020,8011,7994,8001,8000,7993,8015,7979,7989,7989,7999,7991,8003,8005,7979,8013,7989,8003,8012,8011,8002,8011,7992,7991,7988,8023,8027,7995,8013,8027,8004,8026,8015,8005,8039,8007,8023,8020,8033,8008,8028,8023,8012,8012,8019,8026,8045,8036,8003,8013,8024,8035,8038,8044,8048,8041,8056,8056,8079,8097,8092,8080,8103,8117,8108,8144,8145,8142,8128,8133,8130,8131,8121,8153,8141,8089,8069,8073,
8008,8010,8018,8006,8009,7990,7994,7985,7996,7972,8010,8003,8003,7984,7989,8005,8000,8012,8001,7997,8028,8009,7999,8011,8002,8007,8007,8024,8012,8005,8021,8039,7998,8024,8024,8025,8029,8014,8022,8015,8017,8032,8023,8029,8033,8024,8018,8032,8011,8037,8011,8019,8043,8041,8042,8037,8052,8057,8056,8060,8059,8090,8074,8094,8117,8133,8130,8142,8143,8143,8124,8111,8148,8121,8144,8145,8136,8113,8082,8092,
8027,8011,8006,8023,8021,8003,7982,8008,7986,7973,8004,7996,8010,7985,7990,7997,8002,7997,7998,7983,8000,8005,8004,7999,8009,8012,8011,8014,8014,8008,8011,8024,8021,8017,8019,8009,8033,8009,8023,8025,8042,8026,8018,8028,8017,8016,8021,8024,8021,8038,8006,8030,8030,8041,8038,8031,8051,8049,8050,8067,8068,8103,8094,8099,8112,8140,8134,8160,8140,8143,8128,8132,8141,8128,8121,8135,8119,8100,8100,8091,
8010,8026,8013,7997,8014,8023,8000,8002,8014,7994,8002,8006,8010,7980,7999,8005,8004,7999,7996,8018,8037,8021,8010,8000,7993,8007,8008,8017,8028,7989,8010,8015,8008,8024,8009,8033,8027,8015,8026,8033,8043,8011,8012,8047,8025,8029,8027,8034,8031,8031,8023,8025,8039,8042,8040,8036,8044,8048,8052,8055,8080,8100,8097,8112,8116,8149,8148,8157,8148,8145,8139,8152,8140,8101,8138,8130,8121,8113,8068,8104,
8014,8016,8003,8007,8008,7992,7995,8001,8006,7988,8018,8001,8003,7998,7983,8015,7987,8000,8021,8004,8014,8013,8006,8011,7995,7996,8013,8022,8022,8009,8003,8029,8018,8025,8021,8030,8032,8018,8016,8027,8033,8022,8009,8014,8042,8032,8031,8015,8018,8037,8000,8043,8037,8049,8043,8041,8052,8045,8049,8054,8068,8079,8094,8112,8123,8135,8130,8156,8145,8185,8150,8158,8159,8110,8124,8140,8119,8128,8103,8095,
7999,8019,8025,8004,8016,8004,8004,8000,8003,7964,8015,8006,7997,7991,8008,8008,8000,8010,8002,8000,8017,8012,8008,8003,7999,8015,8014,8027,7997,8011,8015,8015,8001,8028,8018,8012,8040,8005,8014,8041,8029,8025,8029,8025,8022,8030,8023,8027,8021,8032,8011,8025,8041,8028,8034,8039,8046,8045,8053,8066,8072,8105,8087,8094,8107,8128,8127,8151,8154,8151,8146,8140,8122,8115,8135,8133,8113,8119,8093,8082,
8004,8010,8029,8020,8011,7998,8001,7993,8010,7987,8001,8003,7993,7983,7989,8015,7990,7980,8016,7999,8019,8005,8021,8004,8003,8017,7999,8025,8008,8015,8022,8036,8014,8030,8026,8014,8023,8020,8016,8029,8035,8016,8024,8023,8017,8033,8021,8029,8018,8032,8015,8027,8047,8048,8047,8041,8031,8048,8040,8072,8083,8115,8118,8117,8116,8134,8127,8142,8136,8148,8137,8128,8128,8132,8137,8107,8111,8115,8081,8095,
7996,7995,8016,8018,8028,7989,7999,7994,8020,7995,7993,8007,7990,7996,8010,8000,8003,8007,8006,8012,8015,8018,8013,7994,8011,8011,8016,8020,8013,7994,8019,8015,8015,8026,8022,8008,8040,8019,8025,8020,8037,8019,8010,8025,8016,8026,8016,8025,8037,8032,8016,8027,8027,8039,8037,8037,8057,8047,8048,8063,8088,8132,8111,8128,8112,8117,8114,8128,8120,8133,8125,8141,8155,8130,8122,8136,8111,8103,8067,8086,
8015,8012,8007,8023,8021,8005,8004,8002,8006,7994,8009,7999,8003,7993,8011,8016,8006,8002,8009,7997,8015,8017,8004,8012,8015,8013,8017,8019,8017,7999,8024,8022,8018,8011,8013,8026,8041,8012,8031,8023,8033,8026,8014,8031,8028,8026,8023,8034,8022,8035,8014,8034,8044,8038,8040,8038,8053,8043,8041,8055,8088,8127,8134,8112,8109,8119,8120,8136,8128,8137,8122,8150,8165,8124,8126,8121,8094,8089,8065,8066,
8004,8020,8016,8016,8013,8004,8002,7998,8010,7961,8000,7998,8001,8006,8015,8004,7988,8001,8008,8011,8017,8008,8012,8006,7991,8026,8005,8021,8023,8008,8022,8035,8008,8024,8026,8016,8025,8013,8031,8025,8027,8007,8013,8022,8029,8032,8023,8031,8031,8042,8012,8031,8042,8042,8042,8040,8032,8046,8059,8066,8076,8088,8097,8088,8106,8106,8115,8121,8130,8160,8166,8151,8152,8126,8100,8093,8074,8069,8052,8043,
8033,8028,7999,8017,7994,8000,7998,7999,7993,7968,7998,8000,8010,8003,8007,8012,7996,7999,8007,7998,8014,8020,8018,8005,7992,8015,8006,8023,8019,8002,7999,8038,8011,8016,8029,8006,8032,8002,8026,8015,8015,8025,8021,8030,8039,8037,8025,8019,8018,8041,8020,8004,8030,8042,8041,8032,8057,8026,8057,8053,8063,8097,8096,8079,8064,8077,8098,8100,8115,8144,8156,8141,8131,8084,8076,8055,8048,8054,8034,8039,
8007,8023,8011,8019,8001,8015,8013,8006,8005,7992,8003,8015,8001,7997,8020,8020,8007,7999,8007,8005,8021,8009,8015,8017,8007,8022,8014,8016,8014,8005,7994,8018,8003,8022,8024,8014,8029,8011,8016,8028,8031,8027,8040,8034,8020,8038,8019,8024,8031,8035,8014,8030,8028,8040,8047,8028,8049,8048,8055,8055,8071,8115,8111,8110,8090,8089,8083,8082,8103,8126,8126,8114,8115,8066,8066,8067,8054,8046,8036,8029,
8020,8024,8007,8020,7988,8006,7995,7997,8015,7975,8010,8005,8015,8006,8002,8008,7991,7997,8019,8009,8008,8015,8019,8013,8006,8009,8024,8015,8022,8016,8007,8025,8021,8041,8024,8015,8033,8008,8029,8031,8037,8021,8001,8028,8013,8033,8025,8042,8018,8039,8009,8002,8042,8033,8033,8035,8038,8036,8050,8057,8069,8104,8127,8136,8116,8112,8101,8092,8088,8134,8141,8119,8095,8054,8060,8053,8045,8039,8047,8030,
8007,8014,7986,8008,8000,8017,7996,8009,8011,7982,8023,7996,7996,7999,7992,8008,7994,8011,8015,8012,8022,8034,8008,8014,8009,8012,8003,8037,8010,8000,7999,8018,8012,8015,8016,8012,8029,8010,8033,8037,8043,8026,8016,8018,8015,8045,8024,8022,8029,8043,8022,8021,8028,8038,8038,8030,8040,8037,8051,8040,8057,8088,8092,8084,8084,8126,8114,8139,8129,8129,8138,8107,8079,8056,8055,8058,8033,8038,8030,8034,
8025,8010,8017,8013,7998,8007,7996,8001,8007,7985,8018,8017,7991,7999,8012,8011,7998,8014,8020,8016,8037,8020,8006,7992,8014,8010,8012,8029,8024,8008,8015,8022,8005,8018,8013,8005,8019,8009,8016,8030,8034,8014,8028,8034,8024,8033,8022,8019,8016,8039,8016,8035,8025,8042,8026,8025,8040,8038,8046,8044,8045,8066,8058,8051,8049,8077,8095,8131,8131,8110,8127,8085,8063,8047,8051,8046,8044,8035,8042,8025,
8009,8021,8004,8020,8004,8009,8001,8011,8014,7997,8006,8002,8000,8001,8009,8012,7994,7994,8005,8005,8025,8015,8009,8018,8002,8006,7998,8017,8021,8008,7997,8024,8007,8024,8009,8031,8030,8003,8005,8030,8030,8016,8023,8022,8023,8039,8014,8025,8022,8038,8017,8018,8025,8029,8037,8024,8034,8037,8039,8049,8043,8064,8058,8043,8058,8058,8067,8089,8093,8098,8085,8071,8050,8038,8045,8034,8049,8038,8024,8032,
8005,8017,7995,8023,8004,8002,8011,8022,8012,7999,7996,8006,7999,8005,8003,8016,8002,7996,8012,8005,8004,8015,8002,7997,8007,8036,8018,8011,8021,8008,8023,8032,8011,8025,8022,8022,8045,8006,8019,8016,8029,8017,8019,8025,8032,8042,8021,8027,8028,8038,8004,8012,8028,8030,8017,8027,8036,8026,8036,8046,8027,8054,8045,8044,8042,8056,8049,8058,8055,8061,8047,8048,8044,8033,8042,8035,8028,8039,8021,8026,
8020,8018,8014,8029,8015,8021,7998,8007,8013,7989,8002,8008,8016,7985,8003,8016,7996,8010,8012,8000,8014,8009,8010,8002,8012,8007,8022,8015,8001,8003,8015,8023,8003,8033,8011,8022,8033,7999,8004,8040,8031,8026,8017,8032,8014,8032,8017,8021,8019,8030,8008,8024,8032,8031,8030,8022,8032,8026,8034,8029,8036,8052,8037,8044,8042,8041,8029,8032,8049,8060,8035,8046,8053,8027,8047,8045,8036,8031,8046,8054,
8007,8024,8000,8027,8008,8008,8011,7988,8017,7996,8014,8011,8003,8000,8010,8022,7988,8021,8008,8008,8017,8020,7981,8019,8013,8013,8000,8011,8022,7991,8014,8029,8011,8020,8015,8016,8027,8001,8009,8025,8030,8013,8006,8018,8024,8020,8016,8001,8013,8034,8002,8002,8027,8036,8027,8026,8034,8030,8018,8034,8059,8024,8050,8029,8037,8036,8036,8044,8038,8032,8041,8028,8050,8017,8035,8037,8011,8038,8027,8034,
8006,8002,7998,8018,8004,8015,8001,7989,8008,8002,8012,8007,7995,7996,8008,8020,8003,8012,8002,8009,8020,8009,7990,8009,8003,8024,8002,8022,8020,8006,8009,8022,8011,8015,8009,8009,8028,8013,8026,8036,8035,8014,8017,8019,8001,8033,8010,8017,8007,8031,8006,8024,8037,8042,8017,8018,8034,8027,8043,8024,8021,8050,8036,8037,8047,8033,8035,8035,8031,8032,8043,8015,8041,8012,8032,8031,8026,8036,8022,8036,
8005,8015,8018,8008,8003,8008,8008,7989,7991,7973,8006,8008,8006,7998,8001,8001,7995,8020,8001,8011,8022,8007,8005,7996,8008,8020,8017,8017,8007,8013,8009,8022,8012,8028,8007,8019,8035,8002,8018,8020,8010,8017,8024,7995,8012,8020,8011,8010,8039,8030,8013,8012,8028,8041,8026,8014,8026,8021,8036,8025,8014,8045,8043,8040,8036,8040,8037,8029,8030,8039,8042,8022,8052,8016,8034,8029,8016,8017,8031,8023,
8006,8020,7992,8009,8017,7993,8002,7999,8015,7983,8003,8002,8013,7996,8006,7995,7996,8019,8004,8006,8005,8015,7998,7997,7996,8015,8010,8008,8012,8010,8006,8006,8031,8013,7996,8009,8028,8006,8006,8020,8024,7993,8012,8027,7999,8024,8006,8022,8005,8027,8001,8016,8040,8033,8018,8027,8038,8018,8042,8015,8031,8031,8034,8029,8042,8018,8044,8040,8018,8027,8025,8025,8054,8021,8023,8019,8017,8016,8024,8032,
8013,8002,8011,8020,8017,8006,8002,7996,8018,7984,8006,8009,7998,8007,7997,8004,8008,8022,8019,8007,8023,7998,7999,8016,8009,8009,8005,8020,8023,8008,8008,8018,8015,8022,8015,8000,8036,8019,8012,8023,8022,8015,8008,8002,8026,8032,8026,8023,8020,8033,7993,8004,8024,8021,8023,8012,8025,8024,8031,8024,8034,8034,8030,8028,8029,8032,8022,8017,8029,8018,8011,8017,8036,8009,8030,8017,8022,8016,8024,7998,
8005,8022,8004,8004,8013,8007,8001,8002,8013,7980,8014,8019,7998,7999,8015,8031,7994,8016,8004,7997,8012,8004,8004,8016,8002,8012,8007,8026,8016,8004,8009,8020,8014,8027,8019,8002,8038,8015,8011,8011,8039,8016,8010,8014,8000,8028,8015,8017,8023,8023,8009,8001,8033,8040,8019,8021,8038,8022,8027,8027,8047,8046,8019,8011,8031,8026,8031,8043,8024,8015,8033,8028,8036,8014,8016,8019,8012,8023,8039,8020,
8013,8002,8014,8008,8003,8008,8001,8021,8016,7990,8017,8013,8002,7997,8006,8010,7991,8008,8016,8012,8000,8018,7991,7995,7998,8007,8007,8015,8010,7993,7992,8021,8002,8034,7997,8008,8031,8005,8013,8019,8031,8003,8023,8001,8011,8028,8008,8017,8003,8031,8016,8024,8035,8013,8008,8016,8023,8020,8023,8027,8028,8051,8035,8018,8021,8022,8019,8016,8016,8019,8031,8008,8023,8021,8011,8023,8012,8016,8008,8006,
8017,8004,7991,8013,8010,7987,7987,8011,8018,7985,8016,8012,8012,7994,8009,8010,7998,8019,8026,7999,8018,8010,8001,8006,7994,7997,8003,8028,8001,7997,8003,8021,8008,8011,8013,8015,8011,7993,8017,8008,8015,8004,8019,8016,8009,8037,8020,8011,8018,8025,7995,8021,8025,8020,8010,8022,8031,8010,8022,8024,8031,8035,8017,8001,8027,8015,8013,8015,8026,8029,8029,8027,8030,8024,8013,8004,8007,8013,7995,8009,
8004,7998,8009,8016,8008,7997,7996,8000,8008,7992,8007,8006,7996,7985,8002,8013,7992,8019,8002,8009,8016,8002,7997,8009,7998,8013,7998,8024,8006,7994,8014,8028,8011,8023,8017,8009,8011,7987,8010,8013,8022,8020,8009,8032,8009,8022,8015,8010,8004,8027,7974,8003,8028,8023,8015,8016,8017,8020,8026,8029,8020,8036,8024,8013,8025,8011,8017,8025,8016,8036,8023,8023,8036,8001,8018,8012,8021,8002,8009,8018,
8021,7999,8007,8016,8026,8002,7991,8012,8016,7992,8013,8010,8003,7995,8007,8006,8001,8017,7998,8017,8012,8002,8012,8024,8021,8014,7995,8037,8008,8004,8008,8020,8016,8029,8010,8015,8013,7997,8014,8007,8028,8001,8015,8027,8008,8032,8005,8001,8019,8029,8000,8018,8013,8023,8020,8017,8036,8024,8012,8019,8012,8036,8020,8014,8028,8012,8023,8023,8026,8019,8023,8006,8028,8011,8022,7997,8018,8001,8014,8004,
8001,7993,7993,8005,8014,8010,8013,8010,8021,7990,8013,8002,8005,7995,8013,8009,8005,8025,8007,8000,8008,8010,8010,8000,7991,8001,8002,8028,8016,7998,8020,8030,8018,8007,8004,8011,8024,7997,8021,8002,8031,8016,8011,8002,8014,8028,8018,8010,8012,8030,7997,8020,8035,8021,8005,8023,8023,8006,8025,8022,8031,8044,8016,8005,8026,8006,8025,8023,8028,8041,8036,8030,8035,8000,8021,8022,8012,7992,7991,8003,
8005,8004,8003,8021,7998,8005,7999,7983,8011,7978,7995,8007,8014,8008,8001,8011,7995,8020,8017,8010,8015,8020,8013,8005,8000,7998,8006,8016,8007,7991,8001,8029,8012,8019,8013,8015,8015,7996,8013,8016,8024,8006,8002,8022,8017,8029,8011,8020,8018,8038,7985,8015,8022,8021,8008,8011,8039,8037,8028,8035,8021,8038,8031,7985,8021,8022,8026,8012,8020,8014,8016,8018,8039,7991,8014,8016,8002,8005,8016,8023,
8004,8000,8001,8018,8013,7991,8004,8011,8017,7994,7994,7997,8014,8002,8014,8025,8011,8026,7997,8018,7996,8017,8009,8015,8007,8004,8003,8027,8005,7996,8017,8015,8010,8024,8016,8014,8010,7995,8019,8023,8026,8012,8011,8018,8025,8035,8021,8017,8020,8033,8003,8016,8019,8012,8013,8024,8032,8019,8029,8034,8019,8037,8022,8007,8028,8024,8029,8017,8026,8015,8018,7999,8040,8002,8022,8030,7991,7993,8012,7999,
7994,7992,7995,7986,8012,8004,7994,8019,8017,7997,7987,8021,8019,8006,8004,8004,8013,8016,8005,8007,8007,8015,8021,7996,8013,8008,8012,8029,8002,8004,8021,8032,8003,8035,8026,8000,8029,8007,8023,8011,8026,8020,8022,8020,8024,8024,8022,8031,8026,8039,7997,8012,8020,8029,8028,8021,8035,8021,8040,8033,8019,8035,8015,8016,8029,8020,8024,8033,8009,8021,8010,8002,8032,8000,8022,7998,8009,7992,8007,8002,
7983,8007,8011,8009,8016,8009,8009,8010,8018,7997,7999,8004,8007,8001,8012,8008,8011,8020,8020,8009,7996,8006,8001,8001,8001,8006,7996,8013,8006,8012,7995,8027,8002,8015,8019,8013,8026,7989,8013,8018,8021,8021,8011,8027,8023,8027,8021,8021,8025,8033,8005,8007,8029,8036,8028,8029,8041,8015,8023,8019,8038,8036,8031,8016,8011,8013,8019,8021,8016,8023,8029,8020,8045,8009,8021,8019,8010,7987,7996,8003,
8013,8008,7999,8029,8011,8000,8000,8006,8015,7995,8014,7999,7987,8008,7983,8009,8001,8017,8005,7999,8018,8001,8012,8005,8009,8008,8004,8032,8020,8006,8005,8025,8014,8015,8017,7998,8011,7994,8015,8032,8032,8021,8031,8028,8023,8037,8019,8026,8041,8041,8003,8025,8028,8045,8034,8013,8031,8018,8029,8033,8036,8028,8033,8020,8024,8022,8027,8038,8011,8021,8029,8030,8023,8009,8002,8014,8023,8011,8011,7989,
7997,8016,7992,8021,7996,8001,8021,8026,8018,7988,7998,8010,8006,7987,7974,7997,8002,7996,7990,8011,8026,8022,8013,7999,7994,8019,8016,8002,8006,8004,8012,8022,8013,8002,8016,8019,8029,8005,8014,8029,8015,8033,8020,8021,8021,8020,8029,8025,8029,8037,7996,8024,8025,8030,8028,8049,8041,8037,8025,8026,8025,8028,8032,8033,8014,8015,8031,8006,8004,8005,8023,8006,8024,8026,8017,8009,8009,7996,8009,8004,
8005,7988,7994,8027,7986,7997,7996,7996,8011,7995,8013,7995,8003,7982,8003,8009,7993,7997,7995,7999,8003,8018,8007,8015,8012,8015,7993,8016,7998,8006,8012,8026,8006,8023,8017,8010,8022,8012,8023,8026,8030,8027,8039,8022,8034,8034,8033,8035,8046,8066,8011,8037,8038,8035,8041,8074,8060,8036,8026,8020,8030,8046,8026,8012,8012,8030,7998,8021,8020,8027,8012,8017,8037,7983,8004,8016,7987,7974,8021,7996,
7985,8001,8006,8001,8007,8002,8011,8007,8014,7988,8004,7995,7978,8008,7991,7996,7998,8002,8011,8003,8012,8012,8013,7995,8006,8024,8029,8013,8009,8006,8013,8038,8012,8028,8027,8014,8018,8001,8012,8028,8043,8024,8028,8061,8041,8035,8030,8032,8053,8035,8021,8036,8052,8041,8049,8076,8036,8024,8023,8018,8031,8059,8033,8022,8030,8012,8014,8043,8013,8016,8022,8023,8020,8000,8000,8011,7978,7990,8013,8019,
32.32,28.78,False,0