8028,8005,8024,7997,8004,8013,8007,8015,8011,8018,8035,8025,8041,8041,8044,8049,8074,8075,8069,8058,8112,8144,8183,8179,8181,8174,8177,8183,8193,8190,8186,8168,8201,8186,8203,8180,8204,8196,8168,8107,8078,8073,8073,8065,8072,8047,8061,8056,8067,8040,8047,8059,8039,8053,8052,8052,8039,8016,8045,8026,7993,8015,8014,8019,8017,8003,8003,7998,8021,8022,8020,8032,8056,8064,8042,8070,8059,8071,8078,8101,8096,8150,8167,8179,8188,8192,8186,8199,8191,8187,8191,8182,8187,8205,8192,8177,8197,8173,8169,8112,8082,8105,8090,8096,8084,8067,8072,8064,8059,8068,8059,8052,8057,8048,8060,8067,8045,8043,8035,8055,7988,8011,8023,8020,8023,8022,8015,8015,8023,8027,8020,8031,8039,8053,8049,8048,8080,8060,8072,8088,8101,8141,8178,8170,8165,8198,8183,8190,8191,8189,8184,8185,8196,8188,8191,8137,8154,8173,8167,8098,8095,8076,8076,8078,8067,8066,8056,8057,8045,8057,8061,8054,8050,8042,8050,8040,8047,8047,8048,8040,8020,8018,8015,8030,8019,8021,8027,8022,8034,8026,8038,8047,8052,8064,8060,8060,8079,8079,8070,8088,8098,8158,8181,8179,8183,8192,8193,8200,8207,8206,8188,8201,8201,8193,8158,8155,8147,8191,8173,8122,8094,8075,8076,8082,8078,8065,8075,8057,8071,8061,8068,8064,8067,8072,8062,8053,8051,8064,8065,8064,8025,8028,8024,8021,8039,8039,8045,8036,8030,8045,8043,8048,8052,8050,8057,8068,8077,8094,8101,8085,8106,8163,8176,8190,8193,8159,8170,8184,8181,8184,8182,8177,8189,8168,8153,8141,8141,8175,8164,8123,8099,8098,8084,8071,8085,8081,8085,8078,8072,8091,8084,8082,8078,8073,8085,8081,8071,8073,8072,8068,8008,8008,8028,8014,8026,8025,8024,8016,8025,8029,8031,8042,8057,8059,8050,8062,8068,8057,8076,8078,8107,8120,8157,8158,8144,8153,8150,8137,8156,8160,8141,8167,8144,8153,8149,8128,8148,8168,8145,8095,8102,8084,8068,8073,8084,8073,8078,8068,8065,8061,8069,8062,8079,8071,8073,8077,8073,8059,8036,8050,8001,8003,8005,8018,8014,8017,8019,8005,8038,8013,8013,8033,8013,8042,8046,8057,8042,8065,8053,8087,8072,8094,8134,8162,8130,8124,8132,8131,8142,8118,8127,8138,8138,8134,8124,8099,8149,8159,8131,8082,8077,8073,8073,8068,8059,8062,8067,8079,8067,8050,8056,8053,8050,8053,8034,8036,8061,8047,8065,8044,8000,7999,8009,8021,8015,8007,8013,8024,8029,8015,8019,8028,8025,8032,8038,8044,8043,8066,8054,8076,8077,8079,8128,8147,8116,8111,8121,8131,8127,8114,8126,8136,8122,8138,8118,8106,8114,8119,8088,8066,8071,8070,8076,8057,8073,8060,8054,8072,8049,8056,8055,8049,8046,8054,8049,8042,8066,8053,8047,8049,7987,8010,8016,8018,8019,8022,8026,8020,8023,8025,8019,8022,8026,8026,8032,8041,8042,8045,8058,8052,8068,8057,8114,8140,8115,8113,8125,8133,8134,8098,8084,8124,8129,8120,8111,8079,8080,8076,8067,8056,8056,8051,8058,8047,8037,8054,8050,8045,8060,8066,8047,8036,8045,8051,8045,8039,8060,8058,8067,8034,8025,8039,8033,8029,8048,8019,8041,8028,8025,8030,8044,8035,8038,8047,8036,8044,8052,8053,8052,8065,8063,8078,8091,8114,8108,8105,8136,8146,8119,8093,8103,8134,8138,8128,8111,8097,8093,8064,8072,8073,8070,8072,8065,8054,8054,8062,8070,8057,8059,8055,8072,8058,8055,8057,8069,8067,8052,8063,8066,8044,8027,8016,8032,8038,8030,8026,8028,8025,8033,8024,8022,8038,8039,8035,8025,8038,8054,8059,8054,8066,8061,8079,8072,8086,8085,8096,8140,8116,8121,8110,8094,8122,8141,8138,8096,8090,8084,8090,8078,8084,8077,8075,8076,8070,8082,8064,8054,8069,8069,8062,8054,8059,8044,8064,8059,8056,8060,8080,8072,8069,8018,8035,8023,8024,8020,8018,8022,8019,8025,8026,8015,8037,8021,8026,8042,8035,8041,8029,8040,8054,8057,8056,8066,8056,8078,8090,8112,8107,8094,8084,8092,8115,8114,8105,8083,8075,8050,8074,8072,8067,8056,8054,8060,8068,8040,8060,8044,8055,8042,8042,8036,8061,8051,8056,8042,8046,8055,8036,8046,8048,8018,8023,8032,8029,8017,8041,8023,8025,8025,8026,8032,8039,8034,8041,8045,8043,8049,8052,8046,8057,8081,8060,8072,8069,8070,8094,8120,8116,8078,8092,8075,8093,8117,8117,8088,8077,8064,8080,8069,8076,8064,8057,8055,8056,8054,8056,8051,8059,8047,8041,8055,8051,8049,8043,8047,8065,8048,8064,8069,8048,8023,8028,8019,8030,8009,8023,8021,8011,8035,8028,8035,8018,8039,8033,8049,8045,8036,8052,8049,8051,8052,8060,8064,8074,8066,8111,8133,8118,8079,8077,8068,8096,8132,8126,8103,8074,8057,8066,8054,8058,8055,8043,8051,8050,8050,8058,8045,8045,8037,8050,8050,8035,8052,8043,8041,8053,8043,8033,8048,8051,8030,8017,8027,8028,8021,8013,8026,8019,8038,8035,8028,8032,8039,8032,8048,8036,8046,8047,8055,8049,8052,8051,8049,8072,8066,8085,8113,8073,8073,8067,8068,8074,8084,8105,8081,8039,8054,8065,8046,8058,8048,8043,8046,8066,8054,8053,8053,8060,8046,8042,8049,8053,8052,8047,8049,8030,8052,8050,8039,8033,8031,8020,8027,8018,8024,8040,8025,8024,8031,8039,8047,8045,8032,8041,8029,8060,8051,8047,8050,8044,8062,8063,8050,8063,8064,8073,8097,8083,8070,8078,8078,8081,8090,8078,8069,8071,8068,8074,8069,8070,8065,8059,8055,8047,8077,8058,8053,8051,8040,8042,8066,8048,8053,8052,8059,8059,8071,8062,8068,8070,8034,8027,8046,8043,8043,8046,8042,8035,8036,8024,8038,8048,8043,8041,8051,8053,8046,8045,8054,8048,8052,8063,8072,8061,8069,8074,8081,8084,8074,8068,8070,8074,8073,8075,8086,8076,8069,8065,8060,8062,8065,8062,8055,8046,8054,8051,8063,8060,8050,8068,8065,8058,8067,8059,8058,8063,8074,8050,8052,8061,8008,8019,8012,8027,8007,8005,8024,8024,8033,8014,8025,8031,8031,8025,8035,8046,8044,8039,8063,8041,8049,8046,8061,8044,8061,8067,8060,8056,8058,8057,8046,8059,8058,8075,8060,8056,8054,8039,8047,8033,8046,8045,8042,8044,8039,8052,8034,8045,8052,8042,8035,8035,8041,8048,8025,8038,8044,8042,8033,8046,8019,8005,8016,8005,8020,8022,8021,8022,8027,8027,8025,8040,8032,8032,8040,8034,8038,8042,8037,8038,8046,8040,8047,8047,8042,8064,8055,8048,8061,8051,8066,8056,8053,8058,8058,8066,8058,8050,8043,8045,8040,8062,8048,8054,8041,8048,8057,8036,8044,8032,8032,8052,8047,8034,8031,8045,8044,8041,8051,8041,8027,8010,8014,8026,8033,8041,8024,8040,8028,8031,8032,8029,8039,8039,8032,8040,8045,8050,8051,8039,8049,8043,8047,8070,8059,8062,8073,8061,8079,8064,8067,8057,8069,8066,8064,8040,8061,8055,8048,8068,8054,8052,8058,8048,8058,8054,8066,8054,8048,8046,8054,8043,8046,8050,8055,8045,8054,8062,8052,8057,8002,8004,8009,8014,7995,7993,8017,8014,8011,8018,8038,8017,8020,8037,8027,8017,8039,8030,8040,8039,8048,8045,8049,8048,8061,8056,8060,8039,8049,8045,8048,8048,8061,8051,8050,8061,8042,8044,8057,8054,8043,8047,8058,8049,8051,8050,8064,8051,8046,8046,8046,8056,8050,8057,8057,8051,8048,8043,8057,8038,8017,8028,8010,8014,8020,8023,8026,8026,8034,8040,8027,8027,8035,8035,8031,8029,8038,8043,8054,8046,8042,8049,8051,8061,8044,8046,8051,8048,8048,8051,8053,8047,8052,8056,8059,8058,8051,8050,8043,8045,8053,8055,8043,8051,8052,8041,8056,8049,8051,8051,8055,8039,8045,8041,8044,8032,8043,8054,8062,8044,8024,8015,8026,8020,8024,8031,8035,8027,8033,8027,8035,8044,8046,8032,8042,8032,8042,8031,8044,8046,8051,8050,8049,8051,8049,8049,8043,8050,8056,8053,8051,8046,8051,8054,8045,8043,8054,8050,8053,8043,8039,8036,8031,8045,8037,8038,8033,8032,8055,8047,8044,8045,8055,8038,8054,8046,8040,8047,8050,8055,8042,8025,8018,8024,8034,8034,8033,8040,8035,8031,8033,8033,8037,8040,8024,8030,8038,8045,8055,8052,8055,8045,8055,8054,8055,8057,8058,8047,8069,8060,8056,8056,8058,8059,8064,8052,8051,8068,8073,8058,8050,8052,8062,8053,8052,8046,8051,8045,8057,8044,8063,8052,8047,8042,8046,8041,8059,8062,8075,8057,8015,8020,8024,8015,8011,8015,8016,8022,8019,8025,8031,8022,8029,8026,8035,8031,8030,8024,8034,8038,8027,8037,8038,8034,8042,8035,8050,8044,8051,8035,8050,8049,8053,8045,8048,8053,8044,8046,8056,8041,8036,8032,8044,8047,8044,8048,8040,8041,8050,8043,8047,8038,8039,8051,8048,8037,8049,8045,8047,8047,8019,8019,8031,8012,8018,8019,8013,8022,8009,8026,8022,8027,8037,8010,8020,8024,8032,8037,8034,8044,8047,8033,8046,8048,8028,8049,8038,8045,8046,8043,8038,8046,8066,8043,8057,8049,8050,8049,8041,8047,8041,8038,8053,8037,8049,8048,8041,8038,8046,8043,8055,8047,8052,8041,8048,8042,8039,8045,8052,8036,8021,8032,8036,8026,8017,8028,8033,8033,8034,8026,8030,8022,8018,8014,8030,8032,8028,8039,8044,8043,8051,8041,8036,8054,8048,8047,8055,8058,8052,8043,8043,8059,8059,8052,8055,8050,8041,8051,8052,8055,8052,8053,8051,8047,8055,8041,8056,8038,8054,8050,8054,8062,8058,8056,8052,8048,8060,8065,8045,8054,8022,8004,8022,7999,8025,8025,8010,8019,8015,8006,8035,8027,8024,8031,8029,8034,8044,8036,8046,8043,8036,8040,8034,8057,8043,8035,8038,8032,8048,8036,8040,8053,8035,8046,8046,8028,8039,8036,8041,8047,8044,8030,8031,8029,8031,8031,8045,8035,8033,8034,8030,8032,8031,8037,8036,8029,8049,8040,8036,8039,8012,8010,8010,8006,8012,8006,8025,8012,8022,8028,8023,8026,8015,8023,8019,8021,8028,8014,8028,8035,8026,8045,8032,8039,8039,8050,8042,8028,8037,8036,8042,8026,8047,8058,8049,8044,8047,8044,8044,8039,8041,8028,8040,8037,8043,8023,8035,8039,8024,8044,8038,8037,8044,8043,8044,8025,8036,8029,8034,8034,8024,8015,8019,8021,8032,8021,8025,8020,8033,8016,8036,8023,8013,8026,8024,8021,8042,8041,8033,8032,8043,8031,8046,8047,8048,8044,8050,8054,8059,8046,8048,8040,8047,8048,8046,8044,8045,8043,8049,8040,8051,8050,8040,8041,8053,8040,8039,8044,8047,8044,8043,8042,8037,8044,8042,8039,8061,8041,8053,8046,8010,8017,8015,8019,8012,8023,8019,8026,8031,8024,8015,8021,8020,8042,8024,8021,8043,8040,8051,8036,8049,8039,8041,8036,8043,8033,8044,8045,8050,8030,8037,8054,8043,8050,8043,8041,8049,8045,8048,8043,8028,8034,8031,8042,8032,8040,8036,8034,8045,8030,8053,8047,8042,8046,8046,8031,8032,8043,8035,8052,8018,8022,8017,8020,8028,8027,8017,8022,8031,8014,8034,8025,8016,8020,8026,8012,8038,8042,8048,8047,8035,8046,8042,8048,8054,8045,8059,8042,8049,8055,8048,8049,8060,8042,8044,8041,8056,8042,8049,8051,8048,8043,8039,8049,8052,8044,8050,8048,8038,8040,8045,8037,8046,8042,8033,8040,8038,8038,8036,8038,8022,8009,8023,8026,8027,8015,8022,8010,8019,8030,8034,8028,8024,8022,8035,8022,8035,8039,8048,8033,8042,8050,8034,8045,8032,8040,8042,8024,8039,8032,8049,8041,8040,8037,8048,8045,8044,8039,8044,8036,8042,8047,8036,8034,8050,8040,8030,8041,8048,8039,8039,8034,8034,8038,8037,8036,8043,8046,8061,8058,8022,8034,8034,8029,8043,8013,8038,8039,8035,8051,8031,8033,8035,8033,8044,8023,8032,8055,8034,8047,8045,8045,8039,8058,8043,8050,8042,8061,8059,8046,8052,8054,8045,8056,8048,8044,8041,8048,8050,8049,8046,8034,8042,8061,8041,8042,8051,8042,8033,8052,8046,8057,8051,8041,8059,8052,8050,8056,8047,8056,7998,8019,8025,8021,8020,8016,8015,8025,8023,8015,8014,8019,8041,8012,8023,8016,8029,8023,8044,8035,8036,8044,8040,8047,8044,8037,8048,8045,8024,8039,8046,8046,8047,8042,8050,8046,8043,8047,8035,8036,8038,8034,8048,8027,8036,8030,8044,8040,8037,8038,8040,8040,8038,8050,8038,8041,8039,8033,8046,8046,8030,8015,8030,8028,8031,8033,8022,8027,8021,8021,8022,8026,8023,8034,8025,8031,8037,8042,8032,8038,8044,8051,8045,8047,8049,8040,8048,8046,8047,8059,8047,8053,8052,8061,8050,8058,8043,8050,8060,8057,8036,8046,8040,8035,8042,8036,8043,8041,8047,8054,8038,8048,8050,8052,8050,8046,8046,8048,8049,8036,8016,8015,8001,8007,8019,8023,8024,8029,8021,8018,8033,8025,8024,8031,8023,8032,8039,8037,8041,8033,8040,8053,8046,8043,8044,8054,8056,8042,8047,8050,8040,8042,8034,8053,8046,8047,8040,8047,8036,8053,8049,8041,8058,8047,8048,8044,8051,8035,8054,8040,8035,8035,8051,8053,8038,8037,8050,8045,8055,8040,8028,8025,8033,8019,8035,8021,8020,8031,8031,8035,8031,8027,8043,8036,8028,8032,8040,8042,8050,8048,8046,8054,8053,8051,8052,8041,8053,8046,8059,8064,8052,8057,8055,8054,8050,8048,8046,8045,8059,8051,8050,8046,8057,8057,8048,8049,8031,8043,8043,8042,8046,8047,8048,8038,8040,8047,8050,8058,8071,8048,8024,8018,8017,8017,8015,8013,8016,8028,8025,8040,8029,8034,8033,8029,8021,8029,8035,8040,8041,8038,8043,8033,8047,8040,8046,8043,8053,8052,8054,8040,8050,8065,8044,8044,8049,8051,8044,8036,8043,8037,8041,8036,8031,8035,8039,8039,8036,8023,8030,8036,8041,8038,8046,8045,8041,8040,8039,8049,8055,8047,8017,8016,8015,8015,8020,8023,8008,8023,8015,8019,8021,8021,8026,8017,8011,8030,8032,8030,8025,8036,8045,8034,8043,8038,8039,8039,8050,8044,8037,8038,8047,8038,8025,8040,8049,8023,8038,8038,8032,8050,8039,8040,8028,8041,8024,8023,8036,8037,8024,8030,8040,8029,8040,8040,8033,8038,8045,8043,8045,8031,8013,8002,7999,8009,8011,7989,7996,8015,8011,8014,8009,8001,8016,8021,8022,8028,8026,8039,8022,8034,8023,8035,8039,8036,8044,8033,8028,8032,8036,8037,8055,8037,8048,8051,8048,8036,8032,8027,8044,8047,8020,8045,8034,8009,8029,8036,8030,8034,8028,8031,8036,8034,8028,8044,8035,8032,8046,8045,8039,8038,8014,8031,8016,8026,8031,8034,8026,8017,8034,8025,8031,8027,8030,8029,8036,8033,8033,8042,8030,8031,8037,8032,8040,8040,8031,8033,8064,8057,8045,8048,8060,8043,8052,8037,8052,8042,8049,8054,8044,8048,8036,8040,8054,8044,8032,8029,8037,8044,8034,8047,8049,8045,8053,8047,8047,8037,8060,8047,8045,8040,8037,8019,8030,8011,8014,8027,8012,8030,8021,8027,8020,8031,8026,8032,8031,8034,8039,8032,8051,8029,8040,8048,8044,8054,8050,8042,8063,8051,8060,8045,8034,8054,8051,8049,8042,8039,8042,8059,8042,8050,8037,8043,8033,8040,8044,8044,8040,8036,8038,8042,8043,8046,8048,8044,8050,8047,8065,8045,8053,8049,8033,8013,8036,8025,8015,8020,8029,8033,8037,8028,8039,8033,8016,8025,8027,8036,8037,8033,8038,8037,8041,8044,8051,8046,8036,8038,8043,8039,8045,8033,8046,8040,8044,8038,8049,8043,8047,8051,8044,8048,8046,8053,8047,8034,8046,8045,8035,8035,8047,8057,8049,8042,8055,8050,8042,8044,8050,8051,8049,8069,8008,8018,8026,8018,8019,8020,8024,8022,8025,8036,8026,8021,8025,8051,8036,8042,8048,8038,8041,8056,8037,8040,8049,8052,8065,8052,8061,8049,8038,8041,8048,8046,8049,8047,8035,8052,8048,8041,8037,8049,8039,8043,8026,8046,8046,8043,8044,8041,8051,8041,8052,8042,8048,8050,8052,8056,8052,8055,8057,8059,8019,8021,8035,8025,8024,8030,8019,8018,8020,8039,8027,8037,8024,8022,8031,8032,8034,8045,8043,8043,8056,8043,8039,8047,8050,8055,8056,8041,8041,8051,8053,8063,8046,8042,8050,8042,8047,8052,8044,8048,8046,8040,8037,8036,8030,8034,8036,8034,8041,8035,8040,8045,8040,8029,8023,8039,8053,8054,8057,8054,8022,8024,8033,8017,8019,8027,8017,8020,8022,8026,8036,8038,8046,8037,8034,8032,8039,8033,8027,8032,8033,8042,8045,8045,8048,8045,8051,8053,8044,8042,8031,8052,8037,8043,8035,8047,8053,8040,8045,8040,8042,8034,8041,8036,8043,8045,8041,8037,8051,8029,8039,8029,8051,8040,8038,8031,8054,8050,8056,8049,8013,8016,8018,8029,8015,8019,8014,8021,8008,8007,8021,8027,8029,8016,8025,8023,8039,8024,8039,8028,8043,8052,8051,8036,8038,8030,8031,8046,8044,8041,8039,8036,8058,8044,8042,8051,8046,8046,8040,8047,8049,8026,8035,8047,8039,8028,8040,8026,8026,8028,8024,8034,8040,8037,8045,8043,8046,8045,8056,8051,8036,8010,8023,8025,8032,8013,8035,8023,8014,8038,8024,8036,8033,8017,8026,8025,8039,8031,8046,8035,8036,8040,8045,8055,8050,8043,8055,8049,8057,8050,8047,8052,8048,8060,8048,8040,8041,8039,8040,8043,8052,8033,8035,8032,8043,8043,8043,8033,8032,8045,8031,8037,8037,8043,8046,8038,8057,8054,8048,8054,8016,8018,8023,8024,8016,8014,8018,8023,8030,8029,8035,8025,8024,8035,8025,8025,8031,8033,8051,8037,8039,8041,8046,8041,8036,8042,8044,8041,8051,8046,8039,8050,8050,8046,8042,8038,8041,8045,8043,8039,8037,8034,8024,8023,8022,8033,8030,8027,8038,8035,8044,8031,8040,8032,8038,8035,8054,8036,8057,8050,8023,8026,8020,8016,8027,8021,8032,8027,8031,8038,8039,8026,8036,8029,8028,8035,8032,8043,8044,8042,8040,8051,8051,8036,8056,8050,8055,8057,8046,8044,8045,8048,8040,8056,8040,8050,8044,8037,8042,8045,8043,8039,8045,8042,8054,8038,8053,8055,8049,8046,8048,8049,8043,8044,8041,8053,8045,8035,8062,8045,8021,8020,8023,8024,8024,8022,8022,8019,8025,8018,8038,8029,8018,8027,8029,8022,8024,8031,8043,8042,8054,8036,8042,8030,8049,8053,8046,8054,8052,8047,8051,8049,8046,8039,8057,8053,8046,8044,8037,8037,8031,8043,8057,8035,8052,8043,8037,8047,8043,8043,8037,8051,8040,8042,8038,8044,8044,8049,8047,8041,8017,8024,8028,8019,8020,8023,8032,8032,8034,8043,8032,8034,8024,8031,8017,8030,8032,8043,8045,8038,8036,8056,8046,8050,8053,8057,8044,8052,8050,8062,8043,8061,8058,8050,8059,8051,8061,8046,8058,8053,8051,8047,8037,8043,8042,8054,8024,8036,8048,8042,8046,8055,8061,8045,8061,8052,8051,8060,8064,8058,8031,8027,8033,8032,8032,8026,8020,8030,8036,8046,8032,8020,8035,8045,8047,8023,8034,8049,8049,8046,8046,8062,8056,8052,8044,8039,8051,8042,8049,8047,8055,8050,8050,8040,8037,8031,8056,8050,8041,8046,8048,8055,8044,8043,8043,8037,8042,8054,8054,8035,8047,8017,8043,8039,8045,8038,8056,8058,8062,8048,8022,8032,8028,8016,8023,8012,8011,8033,8034,8037,8026,8036,8034,8039,8028,8045,8043,8026,8028,8040,8045,8044,8042,8045,8054,8054,8063,8067,8052,8065,8058,8062,8059,8046,8049,8053,8048,8041,8054,8047,8027,8041,8046,8044,8031,8040,8049,8037,8032,8039,8049,8042,8056,8028,8039,8048,8059,8050,8066,8054,8028,8023,8016,8010,8034,8029,8032,8022,8044,8041,8050,8040,8044,8033,8040,8033,8037,8048,8045,8048,8047,8035,8041,8067,8049,8061,8052,8056,8054,8060,8052,8056,8039,8037,8056,8054,8051,8036,8043,8047,8052,8043,8047,8041,8026,8050,8050,8040,8053,8042,8039,8045,8057,8037,8044,8054,8049,8054,8044,8055,7995,8011,8007,8006,8002,8001,8010,8018,8028,8008,8013,8012,8024,8031,8020,8018,8030,8021,8026,8020,8017,8031,8028,8034,8044,8034,8051,8028,8040,8039,8033,8043,8044,8042,8037,8046,8028,8037,8020,8037,8033,8045,8022,8044,8036,8034,8028,8048,8026,8044,8053,8033,8028,8031,8040,8033,8034,8037,8050,8059,8033,8034,8018,8024,8036,8021,8026,8017,8036,8027,8027,8043,8039,8034,8035,8027,8039,8044,8050,8031,8041,8041,8039,8039,8034,8050,8048,8049,8053,8057,8050,8048,8050,8036,8051,8049,8045,8043,8047,8040,8043,8032,8043,8030,8037,8033,8033,8030,8038,8053,8034,8037,8053,8039,8048,8049,8036,8043,8051,8043,8014,8014,8013,8017,8021,8009,8024,8005,8012,8023,8019,8029,8020,8025,8021,8016,8020,8026,8034,8034,8027,8035,8034,8025,8045,8043,8040,8035,8038,8035,8047,8035,8034,8044,8039,8044,8044,8035,8031,8036,8029,8032,8030,8027,8032,8029,8029,8030,8025,8039,8043,8039,8033,8038,8041,8040,8051,8046,8039,8047,8008,8015,8013,8007,8009,8031,8016,8021,8012,8014,8039,8024,8026,8025,8037,8023,8048,8024,8046,8050,8038,8027,8033,8030,8041,8037,8034,8035,8040,8047,8048,8046,8044,8038,8047,8048,8045,8055,8036,8038,8024,8054,8032,8040,8028,8028,8031,8024,8039,8036,8038,8056,8055,8047,8045,8041,8052,8050,8037,8034,8036,8026,8032,8027,8040,8023,8025,8021,8031,8020,8029,8031,8037,8031,8023,8036,8033,8032,8028,8028,8036,8031,8039,8038,8045,8032,8049,8045,8039,8053,8040,8049,8034,8045,8050,8035,8026,8058,8030,8032,8034,8041,8028,8040,8031,8043,8037,8041,8033,8025,8033,8037,8044,8042,8045,8048,8039,8054,8058,8054,8027,8010,8029,8024,8034,8028,8024,8030,8022,8047,8036,8038,8019,8036,8029,8041,8036,8055,8052,8046,8046,8046,8045,8034,8047,8041,8064,8061,8045,8048,8061,8060,8047,8056,8059,8048,8048,8046,8043,8033,8052,8060,8040,8043,8040,8034,8042,8049,8051,8048,8042,8061,8044,8052,8042,8048,8053,8052,8043,8062,8026,8039,8023,8030,8027,8034,8036,8024,8045,8023,8040,8039,8044,8026,8042,8040,8057,8048,8056,8046,8060,8047,8056,8054,8060,8050,8063,8068,8048,8053,8053,8056,8055,8057,8051,8052,8051,8042,8042,8047,8047,8054,8060,8050,8048,8059,8049,8048,8040,8036,8046,8046,8055,8056,8046,8042,8051,8057,8073,8073,8028,8016,8036,8024,8027,8034,8034,8032,8023,8024,8031,8034,8032,8026,8033,8022,8038,8048,8035,8043,8029,8036,8033,8028,8033,8046,8049,8044,8043,8050,8047,8045,8051,8042,8052,8051,8036,8049,8041,8044,8040,8036,8053,8027,8041,8033,8043,8041,8040,8045,8050,8046,8028,8045,8044,8041,8061,8044,8051,8052,8021,8024,8033,8030,8026,8027,8025,8044,8019,8024,8027,8034,8023,8029,8020,8019,8030,8042,8037,8044,8048,8046,8051,8058,8044,8039,8046,8045,8045,8036,8028,8029,8044,8039,8043,8049,8049,8043,8027,8040,8034,8031,8038,8036,8037,8033,8026,8032,8040,8040,8046,8032,8053,8040,8050,8044,8047,8047,8039,8059,8033,8031,8029,8016,8023,8014,8028,8031,8034,8021,8017,8030,8032,8037,8041,8032,8033,8036,8046,8040,8036,8046,8059,8058,8047,8045,8042,8046,8051,8036,8044,8050,8055,8057,8055,8054,8064,8053,8031,8049,8048,8030,8046,8047,8042,8045,8047,8028,8038,8038,8033,8047,8045,8052,8059,8049,8044,8057,8066,8052,8024,8020,8005,8023,8020,8023,8030,8028,8020,8017,8025,8012,8035,8020,8033,8035,8026,8022,8028,8033,8029,8038,8039,8044,8042,8052,8044,8041,8038,8038,8041,8034,8045,8030,8043,8054,8054,8025,8039,8044,8032,8046,8033,8025,8030,8033,8039,8038,8024,8031,8046,8032,8043,8037,8050,8038,8044,8040,8043,8053,8019,8035,8036,8028,8020,8036,8048,8027,8025,8029,8027,8018,8035,8045,8050,8033,8037,8036,8038,8037,8050,8048,8024,8044,8054,8040,8048,8043,8037,8038,8057,8052,8036,8043,8047,8038,8050,8042,8043,8039,8039,8053,8049,8034,8044,8036,8046,8045,8053,8059,8036,8034,8040,8049,8058,8058,8050,8044,8053,8063,7988,8008,7996,8007,8013,8017,8014,8004,8011,8029,8014,8018,8005,8020,8019,8018,8016,8028,8014,8027,8025,8021,8023,8020,8039,8029,8034,8022,8026,8028,8022,8025,8059,8034,8024,8030,8038,8010,8023,8034,8028,8021,8033,8033,8019,8019,8028,8021,8036,8029,8022,8019,8024,8030,8029,8022,8040,8033,8045,8041,8014,8009,8020,8012,8019,8006,7999,8022,8012,8013,8013,7997,8005,8015,8008,8006,8012,8003,8021,8017,8034,8035,8019,8029,8034,8017,8026,8051,8029,8030,8043,8023,8033,8034,8011,8027,8019,8013,8024,8017,8037,8023,8036,8044,8011,8044,8036,8028,8031,8025,8030,8031,8022,8046,8023,8034,8036,8029,8027,8040,8010,8032,8001,8017,8023,8017,8041,8029,8023,8035,8034,8031,8033,8025,8038,8025,8046,8022,8033,8023,8030,8029,8040,8037,8036,8032,8045,8027,8037,8036,8038,8024,8050,8043,8028,8047,8041,8024,8027,8029,8036,8021,8029,8023,8033,8039,8022,8037,8039,8036,8028,8036,8040,8031,8043,8038,8052,8050,8058,8068,8009,8014,8025,8019,8014,8031,8021,8036,8025,8029,8023,8017,8014,8019,8024,8018,8016,8026,8024,8030,8029,8016,8022,8022,8026,8033,8038,8027,8030,8034,8031,8028,8026,8020,8026,8036,8021,8035,8022,8033,8034,8031,8026,8021,8027,8036,8025,8020,8039,8046,8027,8031,8041,8040,8042,8039,8037,8024,8034,8032,8009,8006,8018,8012,8012,8011,8035,8010,8031,8015,8029,8026,8024,8015,8028,8027,8033,8016,8038,8031,8031,8032,8037,8052,8033,8037,8038,8036,8044,8027,8042,8034,8027,8030,8028,8040,8028,8040,8047,8032,8031,8035,8036,8026,8029,8028,8037,8014,8036,8029,8033,8038,8037,8045,8036,8026,8037,8039,8066,8034,8023,8007,8018,8008,8013,8010,8023,8022,8018,8032,8014,8029,8011,8035,8024,8024,8020,8038,8027,8036,8026,8028,8035,8013,8022,8015,8015,8021,8037,8020,8018,8030,8019,8027,8034,8023,8009,8027,8016,8018,8044,8025,8019,8034,8031,8033,8030,8030,8035,8026,8018,8030,8018,8030,8008,8022,8024,8027,8034,8043,7997,8011,8026,8016,8022,8000,8017,8002,8022,8009,8022,8031,8030,8019,8006,8025,8016,8023,8008,8008,8020,8021,8030,8015,8030,8020,8020,8025,8023,8013,8015,8005,8025,8031,8029,8024,8006,8031,8019,8032,8030,8025,8034,8013,8018,8028,8022,8028,8034,8015,8028,8023,8029,8028,8016,8009,8035,8041,8038,8032,8024,8033,8025,8015,8033,8023,8001,8026,8034,8023,8036,8030,8028,8025,8018,8024,8004,8035,8044,8036,8027,8017,8024,8027,8030,8034,8036,8016,8038,8034,8023,8030,8032,8033,8026,8024,8014,8030,8034,8022,8039,8027,8022,8020,8033,8030,8031,8033,8015,8034,8031,8047,8037,8027,8018,8033,8030,8028,8026,8028,8020,8000,8016,8019,8013,8020,8016,8017,8022,8062,8041,8036,8041,8026,8038,8008,8038,8034,8038,8027,8031,8020,8028,8017,8035,8031,8028,8017,8017,8017,8033,8044,8040,8030,8025,8041,8044,8025,8031,8020,8031,8022,8021,8009,8022,8020,8022,8017,8033,8015,8026,8027,8002,8031,8025,8007,8004,8009,8027,8042,8007,8034,8009,8019,8020,8030,8008,8023,8029,8030,8033,8023,8046,8022,8039,8035,8032,8018,8022,8029,8030,8022,8025,8016,8027,8028,8034,8012,8041,8023,8042,8032,8039,8015,8034,8037,8035,8035,8030,8031,8031,8026,8032,8007,8016,8040,8024,8027,8032,8030,8022,8019,8024,8012,8023,8024,8012,8012,8036,8033,8002,8000,8028,8019,7998,8008,8019,8018,8017,8025,8044,8016,8036,8044,8022,8031,8031,8032,8024,8001,8027,8013,7998,8024,8028,8032,8016,8012,8035,8032,8039,8019,8031,8021,8010,8021,8023,8016,8013,8026,8031,8015,8019,8016,7997,8020,8008,8024,8009,8022,8017,8005,8026,8029,8020,8018,8007,8013,8034,8019,8020,8017,8034,8016,8015,8042,8041,8030,8021,8029,8042,8039,8042,8031,8049,8038,8052,8034,8043,8022,8029,8030,8032,8026,8032,8023,8036,8020,8033,8026,8019,8035,8036,8018,8016,8024,8032,8015,8031,8042,8045,8030,8021,8048,8021,8023,8022,8031,8043,8030,8029,8006,8013,8018,8029,8017,8031,8033,8031,8038,29.60,25.88,False,0