7993,8002,7987,8010,8008,8010,7999,8017,8013,8014,8018,8025,8010,8018,8022,8012,8021,8010,8011,8008,8020,8002,8007,8025,8028,8021,8005,7993,8014,8002,8008,8005,8017,8003,8013,8018,8014,8021,8024,8027,8003,8023,8012,8024,8015,8014,8011,8025,8008,8001,8033,8002,8013,8019,8024,8026,8005,8020,8016,8014,8008,8015,8010,8009,8029,8035,8009,8023,8030,7998,8009,8012,8017,7998,8017,8003,7992,8007,7999,8004,
8031,8011,8009,8019,8002,8011,8008,8035,8030,8040,8013,8026,8007,8020,8019,8008,8014,8002,8017,8000,8017,8002,8019,8027,8029,8014,8017,8015,8007,8010,8013,8012,8000,8012,8004,8015,8020,8022,8017,8028,8007,8023,8015,8020,8016,8017,8016,8032,8006,8021,8031,8009,8025,8012,8024,8024,8001,8011,8035,8027,7994,8013,8015,8018,8032,8040,8025,8022,8007,7995,8027,8025,8016,8002,8035,8014,8024,8009,8005,7997,
8022,8018,8005,8047,8025,8038,8019,8027,8044,8026,8017,8023,8004,8026,8031,8032,8026,8007,8022,8012,8017,8006,8014,8023,8023,8004,8012,8023,8004,8018,8027,8012,7997,8009,8015,8013,8027,8018,8013,8020,8026,8013,8014,8032,8022,8035,8023,8017,8012,8027,8031,8020,8023,8011,8017,8025,8010,8018,8029,8026,8014,8008,8019,8001,8015,8037,8015,8024,8028,7999,8040,8019,8029,8014,8011,8008,8022,8013,8011,7992,
8011,8025,8026,8015,8021,8031,8027,8044,8042,8016,8026,8023,8012,8021,8022,8012,8019,8013,8023,8010,8020,8001,8028,8026,8025,8009,7999,8016,8018,8019,8011,8002,8006,8007,8012,8018,8019,8030,8023,8024,8025,8015,8009,8030,8034,8022,8028,8032,8023,8014,8025,8000,8033,8015,8018,8022,8009,8000,8033,8026,8011,8014,8019,8015,8028,8041,8000,8023,8012,8006,8029,8016,8028,8004,8016,8026,8018,8031,8004,8011,
8013,8019,8016,8045,8027,8021,8022,8030,8012,8021,8026,8029,8014,8024,8024,8029,8014,8011,8016,8023,8027,8011,8021,8031,8034,8010,8009,8023,8009,8009,8010,8024,8008,8007,8003,8012,8010,8014,8017,8017,8019,8022,8010,8018,8018,8016,8015,8023,8014,8025,8028,8017,8024,8013,8021,8022,7999,8013,8032,8030,8005,8012,8024,8031,8016,8030,8007,8029,8018,8013,8026,8011,8014,8011,8012,8022,8007,8017,8014,8015,
8025,8022,8021,8021,8027,8024,8018,8042,8034,8024,8017,8017,8017,8014,8016,8019,8009,8021,8017,8008,8032,8006,8024,8030,8030,8014,8019,8019,8005,8022,8028,8005,7986,8014,8013,8016,8026,8024,8011,8026,8021,8020,8013,8014,8027,8024,8026,8026,8016,8016,8024,8016,8029,8018,8015,8014,8009,8014,8027,8017,8008,8017,8009,8017,8018,8025,8015,8019,8028,8003,8028,8016,8013,8005,8011,8020,8000,8008,8002,8009,
8034,8030,8010,8025,8032,8030,8012,8041,8017,8022,8029,8024,8021,7996,8020,8016,8015,8005,8019,8021,8009,8013,8024,8026,8016,8019,8000,8004,8011,8026,8022,8003,8002,8009,8011,8032,8012,8024,8009,8017,8021,8029,8002,8014,8024,8025,8026,8033,8018,8012,8028,8009,8034,8009,8015,8030,8008,8018,8033,8023,8016,8018,8026,8016,8026,8026,8010,8015,8021,8001,8027,8010,8025,8019,8037,8009,7991,8020,8002,8003,
8012,8023,8017,8026,8034,8038,8018,8028,8022,8012,8031,8022,8028,8003,8009,8027,8023,8009,8017,8020,8028,8016,8018,8029,8017,8013,8023,8023,8006,8024,8013,8010,8008,8012,8021,8028,8024,8015,8021,8019,8020,8011,8015,8006,8027,8022,8019,8023,8017,8015,8039,8019,8028,8028,8026,8025,8005,8021,8026,8030,8006,8016,8030,8010,8033,8023,8014,8022,8021,7995,8017,8022,8014,8016,8022,8029,8005,8025,8000,8014,
8026,8027,8011,8039,8014,8028,8005,8036,8030,8028,8026,8035,8030,8030,8017,8012,8022,8012,8011,8025,8027,8012,8028,8030,8029,8003,8024,8029,8022,8027,8018,8010,8005,8011,8005,8011,8030,8021,8007,8034,8032,8021,8014,8018,8021,8033,8033,8018,8027,8002,8023,8001,8029,8016,8006,8010,8007,8026,8024,8027,8020,8006,8012,8015,8038,8017,8013,8027,8022,8011,8026,8008,8030,7999,8018,8015,8016,8025,8011,8019,
8033,8023,8014,8033,8030,8020,8026,8017,8029,8027,8028,8038,8019,8026,8030,8035,8028,8029,8022,8011,8009,8020,8016,8033,8039,8006,8021,8016,8015,8010,8025,8016,7995,8025,8011,8009,8027,8034,8014,8032,8012,8023,8013,8030,8023,8016,8022,8019,8012,8006,8027,8016,8025,8012,8017,8025,8004,8011,8035,8016,8017,8020,8033,8011,8036,8028,8018,8020,8035,8020,8034,8015,8020,7997,7998,8014,8013,8009,8005,8012,
8053,8021,8027,8044,8028,8032,8020,8039,8034,8028,8036,8028,8014,8027,8037,8030,8027,8021,8029,8040,8033,8026,8026,8034,8030,8015,8021,8028,8003,8028,8041,8014,8023,8026,8014,8022,8023,8016,8018,8034,8027,8020,8014,8021,8018,8032,8027,8030,8021,8014,8029,8018,8034,8021,8015,8037,8007,8015,8030,8035,8024,8022,8021,8033,8033,8038,8015,8033,8032,8013,8035,8008,8024,8016,8028,8021,8006,8019,8020,7998,
8048,8035,8024,8040,8044,8041,8028,8026,8040,8027,8027,8046,8038,8028,8027,8043,8030,8026,8024,8012,8032,8036,8022,8024,8037,8022,8027,8024,8010,8017,8032,8016,8012,8012,8024,8024,8026,8034,8014,8036,8022,8020,8025,8016,8016,8033,8027,8022,8007,8004,8034,7998,8025,8018,8045,8036,8022,8013,8031,8027,8031,8027,8028,8011,8022,8022,8038,8009,8030,8026,8033,8016,8031,8014,8009,8022,8020,8024,8024,8031,
8055,8046,8040,8046,8057,8053,8035,8031,8042,8034,8039,8048,8041,8033,8037,8039,8039,8012,8026,8042,8037,8028,8012,8039,8051,8022,8021,8025,8019,8009,8028,8028,8003,8015,8013,8022,8020,8032,8017,8028,8019,8019,8020,8009,8024,8037,8032,8034,8024,8004,8032,8021,8031,8012,8021,8032,8021,8010,8035,8039,8005,8025,8035,8029,8048,8010,8023,8038,8040,8026,8035,8005,8028,8003,8031,8021,8016,8034,8017,8012,
8068,8046,8059,8056,8068,8059,8039,8032,8042,8024,8037,8052,8036,8036,8026,8035,8049,8024,8030,8029,8033,8023,8029,8036,8033,8017,8039,8029,8011,8011,8022,8032,8017,8017,8023,8017,8022,8025,8024,8027,8030,8015,8016,8020,8029,8030,8039,8023,8018,8001,8026,8014,8034,8016,8011,8013,8008,8026,8026,8031,8012,8017,8032,8014,8046,8018,8032,8024,8028,8012,8018,8002,8016,8012,8017,8022,8020,8028,8023,8016,
8068,8056,8051,8073,8048,8076,8037,8047,8046,8037,8046,8057,8041,8034,8037,8042,8039,8030,8030,8029,8038,8016,8028,8026,8041,8018,8037,8028,8012,8030,8032,8031,8018,8013,8019,8028,8033,8023,8022,8029,8028,8010,8024,8015,8027,8043,8037,8025,8023,8015,8027,8012,8031,8009,8032,8029,8004,8020,8032,8032,8023,8014,8030,8025,8035,8046,8028,8030,8032,8023,8022,8007,8030,8006,8023,8017,8012,8015,8015,8009,
8080,8078,8071,8069,8066,8074,8048,8055,8059,8039,8036,8058,8047,8034,8047,8050,8043,8037,8029,8031,8026,8031,8018,8039,8041,8033,8028,8022,8017,8021,8035,8033,8017,8030,8031,8029,8028,8032,8009,8043,8029,8033,8022,8022,8027,8036,8035,8026,8016,8018,8033,8023,8021,8027,8040,8032,8003,8015,8032,8037,8014,8020,8041,8026,8032,8034,8020,8009,8016,8021,8030,8018,8035,7998,8029,8031,8021,8024,8024,8024,
8072,8078,8080,8076,8065,8072,8054,8060,8062,8054,8052,8051,8042,8034,8051,8038,8044,8031,8035,8034,8043,8031,8038,8045,8043,8020,8029,8039,8019,8023,8033,8031,8009,8027,8017,8036,8042,8031,8008,8038,8034,8034,8010,8027,8021,8028,8026,8044,8011,8030,8046,8031,8032,8027,8033,8027,8016,8023,8022,8033,8018,8020,8024,8021,8016,8015,8019,8025,8026,8028,8025,8022,8019,7997,8004,8020,8019,8011,8028,8025,
8101,8095,8076,8097,8091,8072,8057,8069,8066,8056,8041,8054,8048,8063,8050,8053,8039,8026,8032,8036,8054,8031,8037,8048,8043,8040,8036,8032,8024,8027,8043,8034,8022,8022,8022,8032,8036,8020,8031,8044,8034,8031,8024,8028,8038,8031,8029,8038,8032,8050,8034,8034,8032,8021,8033,8039,8021,8039,8027,8030,8028,8023,8041,8027,8034,8027,8023,8029,8031,8022,8034,8009,8030,8017,8006,8042,8021,8013,8016,8019,
8139,8147,8132,8134,8130,8104,8074,8075,8075,8064,8070,8063,8044,8049,8045,8042,8050,8026,8037,8050,8052,8041,8046,8049,8038,8036,8028,8043,8024,8036,8047,8027,8033,8024,8041,8034,8047,8037,8027,8045,8037,8038,8034,8026,8030,8033,8031,8031,8038,8037,8038,8037,8031,8028,8033,8034,8026,8028,8048,8049,8024,8024,8027,8041,8040,8041,8028,8027,8039,8005,8030,8026,8032,8012,8019,8016,8010,8030,8005,8009,
8152,8153,8171,8171,8175,8159,8120,8109,8088,8076,8072,8066,8062,8049,8056,8062,8054,8044,8036,8044,8047,8034,8051,8052,8057,8028,8038,8045,8021,8020,8047,8032,8020,8019,8044,8051,8039,8045,8028,8049,8032,8032,8020,8024,8044,8031,8031,8046,8029,8036,8043,8049,8031,8023,8035,8047,8016,8033,8050,8026,8029,8043,8045,8030,8053,8031,8028,8028,8026,8022,8031,8020,8034,8009,8010,8025,8022,8021,8004,8020,
8166,8174,8189,8180,8179,8176,8160,8167,8126,8110,8100,8079,8063,8066,8068,8052,8043,8046,8051,8038,8043,8042,8058,8049,8044,8038,8040,8031,8022,8027,8047,8028,8027,8028,8030,8035,8037,8043,8032,8039,8042,8031,8019,8034,8034,8035,8028,8037,8044,8025,8042,8030,8046,8026,8032,8036,8025,8026,8030,8034,8026,8045,8030,8035,8049,8046,8014,8023,8032,8014,8038,8023,8037,8015,8009,8033,8014,8024,8017,8026,
8183,8178,8162,8154,8167,8163,8155,8183,8178,8164,8150,8096,8068,8070,8063,8066,8055,8042,8041,8045,8054,8049,8049,8045,8044,8037,8044,8039,8026,8033,8038,8035,8031,8032,8037,8036,8048,8042,8033,8046,8038,8043,8025,8035,8028,8033,8024,8043,8037,8038,8038,8038,8041,8019,8036,8039,8021,8029,8052,8029,8019,8034,8031,8019,8029,8034,8028,8029,8028,8006,8033,8017,8019,8006,8023,8014,8017,8014,8018,8015,
8192,8187,8181,8185,8170,8160,8126,8139,8166,8175,8154,8120,8072,8064,8073,8074,8073,8051,8049,8055,8064,8039,8042,8035,8053,8034,8050,8029,8018,8038,8045,8044,8030,8030,8035,8047,8044,8045,8031,8040,8037,8043,8028,8041,8044,8048,8050,8041,8034,8035,8049,8038,8038,8038,8026,8047,8026,8025,8036,8045,8037,8033,8025,8028,8041,8033,8024,8019,8031,8008,8039,8014,8023,8002,8013,8038,8007,8021,8004,8024,
8195,8196,8202,8199,8177,8152,8150,8130,8138,8146,8157,8113,8094,8085,8107,8128,8095,8061,8049,8047,8054,8039,8056,8055,8047,8034,8050,8049,8019,8028,8037,8044,8043,8033,8034,8037,8053,8058,8039,8047,8045,8027,8043,8037,8054,8049,8042,8051,8049,8043,8040,8038,8029,8030,8043,8054,8036,8032,8042,8039,8032,8042,8053,8038,8031,8046,8019,8027,8033,8011,8038,8017,8031,8009,8032,8035,8007,8020,7999,8015,
8193,8210,8193,8189,8174,8156,8119,8136,8129,8130,8121,8111,8117,8116,8136,8119,8100,8056,8050,8046,8049,8042,8042,8049,8045,8034,8038,8043,8028,8041,8046,8038,8032,8035,8040,8036,8045,8036,8049,8037,8038,8038,8033,8036,8040,8043,8038,8045,8037,8038,8049,8041,8020,8029,8048,8035,8026,8040,8049,8047,8026,8030,8025,8036,8031,8028,8023,8033,8018,8016,8026,8029,8020,8021,8021,8032,8012,8014,8011,8011,
8209,8201,8205,8215,8183,8177,8135,8143,8120,8129,8126,8123,8102,8106,8099,8077,8072,8057,8060,8044,8054,8045,8044,8052,8039,8039,8055,8037,8042,8040,8043,8036,8037,8028,8034,8048,8049,8041,8037,8039,8043,8036,8036,8038,8054,8048,8049,8053,8042,8033,8040,8049,8036,8037,8039,8045,8042,8021,8043,8048,8031,8033,8018,8035,8033,8040,8031,8030,8032,8002,8034,8015,8033,8024,8012,8021,8006,8005,8028,8021,
8216,8206,8205,8211,8195,8179,8146,8133,8140,8144,8135,8126,8097,8081,8074,8070,8060,8038,8053,8050,8054,8044,8050,8055,8044,8048,8051,8036,8033,8032,8048,8042,8032,8035,8037,8040,8048,8050,8039,8042,8032,8038,8037,8037,8050,8041,8052,8043,8043,8033,8039,8050,8037,8034,8044,8042,8035,8047,8038,8033,8026,8029,8020,8038,8055,8034,8030,8020,8032,8025,8049,8030,8027,8018,8020,8018,8018,8023,8019,8014,
8223,8207,8194,8206,8188,8169,8139,8133,8121,8113,8088,8090,8068,8067,8060,8069,8058,8049,8038,8069,8058,8043,8051,8037,8057,8034,8059,8050,8038,8054,8047,8038,8042,8040,8038,8053,8055,8047,8042,8042,8046,8041,8039,8033,8056,8050,8037,8049,8027,8036,8064,8050,8042,8041,8048,8049,8036,8034,8043,8043,8023,8031,8033,8049,8043,8051,8032,8028,8025,8020,8037,8033,8038,8027,8043,8019,8015,8027,8003,8030,
8216,8196,8187,8191,8186,8161,8134,8127,8097,8101,8083,8081,8062,8067,8069,8059,8077,8055,8044,8046,8066,8038,8055,8052,8061,8043,8046,8042,8035,8036,8046,8040,8041,8044,8046,8031,8049,8045,8040,8053,8048,8045,8041,8044,8042,8050,8050,8048,8033,8033,8054,8044,8046,8040,8039,8045,8040,8046,8043,8043,8034,8035,8041,8047,8047,8042,8024,8030,8025,8017,8039,8029,8032,8022,8035,8031,8024,8025,8006,8042,
8203,8184,8183,8201,8180,8166,8123,8129,8106,8098,8080,8091,8087,8065,8067,8059,8053,8043,8047,8055,8052,8044,8052,8055,8049,8039,8039,8045,8036,8045,8044,8036,8035,8032,8041,8048,8039,8046,8041,8053,8041,8039,8033,8037,8043,8047,8044,8050,8030,8029,8046,8038,8030,8044,8037,8032,8047,8013,8043,8040,8035,8035,8037,8043,8057,8044,8012,8026,8028,8017,8047,8027,8028,8019,8048,8036,8004,8026,8008,8016,
8214,8196,8188,8207,8170,8161,8121,8126,8135,8133,8119,8107,8081,8072,8076,8073,8071,8053,8048,8050,8049,8052,8050,8047,8052,8044,8045,8042,8021,8039,8053,8035,8043,8031,8030,8051,8051,8056,8047,8048,8047,8043,8038,8043,8041,8038,8047,8032,8044,8044,8054,8053,8042,8037,8038,8034,8036,8042,8055,8046,8020,8039,8040,8029,8037,8042,8034,8028,8038,8018,8039,8013,8030,8015,8030,8007,8020,8025,8016,8022,
8209,8193,8218,8200,8164,8148,8124,8139,8129,8123,8121,8115,8095,8104,8091,8080,8072,8058,8052,8050,8049,8044,8043,8045,8056,8032,8038,8041,8030,8040,8047,8042,8048,8040,8042,8037,8041,8045,8032,8052,8052,8042,8043,8049,8050,8050,8055,8054,8035,8044,8046,8050,8032,8042,8040,8046,8036,8025,8050,8039,8031,8038,8043,8036,8041,8047,8043,8040,8040,8021,8040,8015,8036,8027,8026,8031,8027,8014,8001,8019,
8204,8187,8181,8166,8152,8137,8128,8147,8121,8121,8109,8131,8107,8118,8114,8105,8077,8045,8053,8042,8045,8046,8043,8041,8055,8029,8043,8060,8042,8021,8041,8042,8029,8045,8039,8036,8046,8039,8030,8048,8045,8038,8032,8036,8041,8039,8039,8042,8028,8021,8046,8024,8044,8034,8040,8038,8035,8032,8041,8042,8035,8023,8039,8046,8048,8040,8023,8024,8015,8016,8037,8031,8031,7995,8029,8026,8018,8033,8008,8002,
8199,8171,8160,8146,8138,8139,8118,8121,8113,8112,8078,8082,8079,8088,8106,8110,8084,8048,8042,8034,8051,8044,8051,8050,8052,8050,8048,8050,8025,8036,8053,8027,8023,8030,8044,8042,8052,8043,8034,8047,8039,8045,8040,8038,8035,8041,8047,8044,8033,8035,8048,8034,8034,8033,8037,8040,8033,8043,8043,8038,8017,8043,8035,8045,8053,8031,8032,8020,8047,8010,8031,8011,8028,8008,8031,8011,8014,8033,7998,8003,
8199,8178,8140,8125,8103,8124,8102,8095,8089,8078,8076,8084,8065,8063,8074,8073,8075,8052,8051,8041,8054,8048,8047,8052,8044,8037,8044,8040,8037,8022,8051,8030,8030,8046,8034,8021,8049,8035,8037,8044,8038,8042,8031,8033,8039,8045,8038,8045,8027,8039,8040,8049,8031,8039,8042,8038,8031,8028,8038,8047,8036,8045,8049,8041,8045,8026,8024,8033,8022,7996,8054,8024,8024,8007,8037,8028,8005,8013,7999,8016,
8196,8184,8198,8167,8149,8175,8160,8141,8084,8075,8066,8076,8060,8066,8069,8057,8045,8047,8049,8039,8048,8045,8054,8057,8060,8029,8045,8052,8018,8041,8050,8040,8031,8036,8036,8038,8039,8048,8051,8042,8033,8036,8034,8036,8042,8041,8045,8050,8040,8039,8048,8045,8046,8031,8040,8036,8038,8034,8044,8043,8027,8032,8036,8044,8055,8036,8030,8024,8027,8010,8037,8037,8029,8006,8040,8035,8024,8023,8022,8011,
8176,8174,8174,8174,8175,8172,8153,8128,8078,8064,8067,8073,8053,8056,8059,8054,8055,8044,8049,8046,8049,8039,8056,8054,8045,8025,8038,8044,8035,8024,8049,8041,8031,8039,8040,8034,8041,8040,8035,8048,8040,8039,8035,8050,8043,8033,8050,8038,8038,8031,8053,8040,8043,8025,8042,8040,8034,8042,8040,8037,8034,8038,8031,8046,8052,8034,8033,8030,8043,8022,8037,8024,8019,8008,8028,8045,8019,8033,8018,8006,
8114,8105,8105,8110,8115,8137,8111,8084,8077,8069,8053,8073,8055,8052,8052,8046,8065,8041,8044,8037,8041,8043,8039,8047,8037,8031,8058,8039,8028,8038,8042,8043,8022,8037,8043,8038,8041,8037,8033,8043,8040,8021,8034,8022,8034,8046,8046,8041,8036,8040,8041,8040,8034,8034,8039,8040,8035,8035,8038,8046,8035,8034,8031,8037,8032,8034,8024,8029,8027,8015,8041,8030,8017,8007,8022,8026,8020,8026,8009,8009,
8105,8087,8094,8088,8100,8097,8077,8081,8066,8059,8052,8065,8045,8056,8048,8035,8051,8032,8043,8029,8054,8041,8050,8057,8054,8031,8039,8040,8030,8029,8049,8032,8018,8036,8043,8016,8055,8040,8031,8045,8037,8034,8030,8025,8047,8047,8044,8028,8036,8034,8032,8036,8035,8039,8044,8047,8035,8039,8046,8040,8018,8032,8025,8033,8041,8025,8026,8025,8020,8014,8043,8032,8030,8016,8024,8043,8015,8030,8013,8003,
8102,8095,8081,8086,8078,8086,8071,8079,8062,8027,8048,8074,8048,8037,8041,8046,8047,8033,8045,8024,8041,8043,8046,8055,8051,8038,8037,8039,8028,8032,8048,8035,8025,8030,8040,8037,8040,8038,8033,8046,8047,8036,8024,8025,8034,8048,8037,8044,8024,8029,8038,8025,8036,8023,8035,8034,8018,8022,8041,8027,8024,8037,8035,8041,8028,8027,8026,8020,8025,8022,8035,8028,8039,8017,8027,8031,8007,8035,8016,8008,
8085,8085,8078,8078,8081,8072,8063,8071,8061,8057,8042,8067,8051,8044,8054,8049,8045,8036,8052,8051,8038,8048,8048,8055,8042,8023,8039,8034,8021,8027,8037,8016,8018,8028,8032,8023,8040,8026,8032,8038,8033,8025,8023,8042,8034,8038,8035,8036,8023,8023,8042,8037,8028,8022,8049,8042,8024,8028,8041,8033,8017,8026,8049,8034,8054,8030,8032,8027,8036,8018,8039,8010,8019,8012,8027,8034,8004,8031,8028,8021,
8077,8067,8080,8068,8070,8074,8066,8075,8068,8058,8044,8053,8058,8056,8051,8041,8049,8034,8049,8047,8046,8048,8041,8056,8032,8032,8043,8041,8028,8031,8037,8039,8026,8030,8025,8025,8037,8037,8031,8035,8021,8028,8031,8041,8033,8045,8034,8036,8037,8032,8032,8039,8044,8029,8043,8032,8024,8022,8053,8037,8022,8041,8037,8019,8046,8041,8024,8025,8034,8027,8037,8009,8026,8015,8026,8044,8006,8029,8036,8023,
8075,8066,8083,8066,8054,8065,8059,8075,8042,8043,8039,8055,8051,8049,8050,8053,8042,8042,8037,8051,8046,8037,8052,8044,8045,8023,8024,8048,8032,8022,8048,8022,8028,8022,8031,8026,8038,8043,8043,8036,8040,8027,8023,8041,8038,8042,8036,8028,8037,8036,8042,8033,8039,8024,8040,8051,8027,8022,8045,8038,8035,8023,8036,8026,8035,8038,8025,8037,8030,8014,8039,8009,8021,8015,8026,8024,8011,8038,8024,8029,
8067,8074,8074,8069,8065,8060,8059,8065,8064,8052,8051,8065,8042,8037,8040,8048,8041,8043,8049,8053,8058,8053,8036,8048,8048,8031,8030,8034,8031,8030,8041,8029,8027,8033,8030,8040,8038,8042,8032,8038,8039,8025,8031,8039,8029,8041,8045,8027,8032,8023,8028,8037,8028,8024,8042,8035,8021,8017,8041,8038,8025,8021,8042,8024,8039,8029,8022,8023,8041,8018,8035,8010,8030,8016,8021,8030,8005,8034,8020,8012,
8075,8072,8073,8079,8066,8066,8041,8063,8060,8037,8045,8053,8054,8043,8051,8052,8045,8040,8036,8042,8045,8034,8048,8045,8044,8033,8038,8046,8027,8022,8045,8018,8026,8033,8031,8033,8038,8041,8035,8043,8045,8026,8018,8041,8034,8034,8028,8021,8032,8031,8044,8041,8039,8030,8039,8042,8036,8023,8043,8036,8023,8024,8038,8037,8034,8036,8032,8037,8041,8017,8049,8024,8027,8031,8032,8042,8008,8034,8018,8007,
8070,8071,8062,8062,8067,8060,8048,8069,8058,8035,8034,8062,8040,8044,8041,8046,8041,8029,8047,8032,8047,8043,8053,8045,8051,8028,8045,8045,8035,8030,8038,8029,8021,8016,8041,8024,8031,8042,8039,8032,8021,8031,8020,8024,8036,8036,8034,8040,8023,8036,8043,8031,8035,8034,8036,8032,8016,8035,8045,8023,8031,8032,8031,8038,8049,8029,8028,8031,8021,8023,8032,8013,8023,8022,8017,8035,8018,8031,8019,8004,
8063,8063,8065,8081,8060,8061,8040,8061,8052,8036,8041,8047,8054,8052,8048,8043,8042,8027,8042,8047,8059,8035,8044,8041,8043,8036,8040,8035,8021,8022,8049,8025,8025,8026,8031,8031,8040,8031,8043,8028,8055,8030,8029,8022,8025,8029,8035,8043,8026,8035,8043,8032,8046,8036,8047,8044,8013,8031,8055,8035,8034,8035,8032,8036,8045,8041,8036,8031,8040,8016,8031,8010,8015,8021,8032,8042,8014,8020,8021,8021,
8077,8061,8070,8052,8073,8062,8055,8078,8047,8044,8042,8055,8054,8054,8052,8048,8059,8036,8046,8038,8040,8025,8052,8038,8051,8046,8037,8045,8026,8038,8039,8023,8026,8028,8021,8024,8043,8036,8045,8026,8042,8033,8030,8039,8026,8027,8032,8029,8025,8025,8045,8022,8045,8041,8032,8044,8021,8028,8050,8028,8024,8040,8035,8044,8039,8032,8032,8034,8034,8005,8039,8015,8025,8007,8031,8041,8017,8029,8020,8024,
8042,8067,8039,8057,8053,8060,8046,8060,8056,8050,8036,8057,8034,8045,8029,8050,8038,8035,8057,8026,8044,8043,8031,8047,8063,8024,8042,8031,8034,8025,8035,8015,8032,8021,8031,8035,8042,8039,8030,8034,8038,8023,8033,8043,8048,8030,8049,8031,8023,8030,8037,8024,8035,8018,8035,8028,8026,8021,8059,8036,8024,8023,8022,8036,8049,8030,8042,8025,8038,8015,8047,8037,8015,8016,8025,8032,8018,8030,8015,8008,
8047,8057,8057,8057,8054,8053,8048,8056,8057,8033,8042,8039,8034,8042,8039,8051,8049,8040,8035,8043,8054,8043,8032,8042,8051,8026,8047,8041,8026,8032,8028,8021,8025,8039,8024,8032,8042,8028,8026,8044,8048,8027,8029,8041,8056,8039,8050,8031,8022,8019,8034,8025,8043,8034,8025,8037,8014,8028,8043,8045,8030,8035,8029,8032,8038,8033,8030,8032,8024,8012,8052,8033,8027,8020,8023,8029,8015,8034,8009,8013,
8045,8057,8057,8055,8053,8053,8040,8070,8058,8041,8031,8069,8044,8045,8039,8049,8044,8044,8039,8039,8030,8032,8034,8035,8054,8031,8042,8032,8040,8041,8045,8033,8041,8032,8034,8042,8042,8044,8035,8041,8041,8039,8042,8047,8037,8033,8045,8036,8037,8026,8037,8036,8038,8040,8020,8036,8029,8025,8049,8028,8033,8029,8041,8036,8055,8036,8028,8026,8034,8013,8036,8030,8034,8014,8041,8027,8008,8023,8023,8010,
8052,8047,8049,8060,8059,8054,8048,8061,8062,8050,8024,8056,8044,8049,8044,8046,8041,8047,8035,8035,8038,8040,8036,8051,8051,8029,8043,8041,8028,8034,8033,8025,8045,8025,8041,8038,8053,8047,8039,8037,8044,8035,8040,8035,8040,8041,8037,8045,8028,8036,8037,8046,8034,8028,8037,8036,8030,8031,8047,8037,8029,8023,8033,8033,8048,8036,8041,8032,8041,8021,8048,8030,8020,8019,8042,8037,8018,8014,8008,8018,
8060,8060,8050,8058,8055,8053,8034,8050,8050,8035,8034,8046,8045,8044,8036,8056,8035,8030,8034,8041,8055,8039,8047,8042,8049,8040,8044,8026,8023,8033,8044,8029,8032,8026,8030,8030,8041,8050,8024,8048,8046,8034,8033,8031,8037,8047,8032,8035,8032,8034,8042,8045,8033,8033,8041,8038,8033,8037,8046,8036,8028,8032,8034,8037,8052,8034,8039,8026,8026,8025,8046,8018,8026,8022,8037,8036,8025,8016,8006,8011,
8063,8026,8044,8056,8050,8056,8048,8054,8064,8033,8016,8044,8031,8031,8045,8048,8040,8031,8031,8051,8039,8027,8044,8045,8047,8027,8041,8045,8040,8039,8044,8038,8038,8036,8034,8034,8045,8036,8031,8042,8038,8036,8030,8032,8032,8041,8049,8039,8031,8039,8042,8025,8050,8030,8025,8034,8027,8031,8035,8037,8030,8032,8035,8038,8048,8040,8024,8027,8033,8014,8048,8039,8020,8012,8045,8038,8012,8034,8014,8009,
8036,8037,8046,8047,8041,8042,8041,8051,8054,8040,8042,8045,8044,8023,8028,8045,8048,8039,8037,8046,8041,8044,8044,8047,8051,8035,8048,8032,8025,8025,8032,8022,8043,8036,8041,8024,8038,8042,8041,8053,8049,8043,8041,8038,8044,8043,8035,8045,8041,8031,8046,8036,8033,8037,8045,8042,8028,8021,8043,8042,8028,8042,8047,8041,8059,8039,8032,8030,8042,8038,8055,8034,8019,8028,8039,8043,8009,8023,8016,8018,
8038,8054,8047,8048,8057,8054,8034,8064,8066,8039,8040,8054,8054,8045,8041,8047,8050,8040,8046,8042,8050,8047,8047,8056,8046,8032,8056,8041,8025,8025,8036,8033,8040,8041,8033,8046,8063,8040,8029,8048,8043,8046,8039,8040,8044,8030,8027,8042,8035,8038,8047,8042,8052,8032,8042,8043,8043,8036,8057,8039,8032,8027,8035,8039,8058,8044,8048,8030,8045,8027,8047,8034,8036,8020,8038,8046,7992,8052,8018,8008,
8037,8044,8066,8053,8048,8065,8045,8059,8057,8046,8044,8041,8042,8047,8041,8035,8034,8038,8037,8043,8042,8040,8045,8046,8041,8028,8043,8049,8024,8049,8047,8027,8025,8036,8043,8038,8046,8027,8039,8044,8044,8049,8036,8036,8033,8031,8039,8042,8037,8034,8035,8028,8035,8044,8036,8041,8022,8016,8040,8044,8027,8028,8024,8029,8036,8039,8044,8040,8039,8025,8057,8020,8030,7996,8010,8036,8014,8025,8008,8024,
8047,8048,8032,8054,8059,8051,8049,8056,8047,8053,8044,8032,8044,8036,8041,8041,8045,8033,8032,8046,8048,8033,8052,8057,8032,8036,8050,8046,8024,8043,8043,8037,8032,8024,8036,8038,8043,8040,8041,8049,8042,8029,8027,8049,8051,8039,8049,8036,8033,8030,8048,8040,8045,8049,8036,8037,8020,8035,8038,8049,8031,8019,8036,8039,8048,8029,8049,8037,8042,8018,8047,8027,8045,8003,8028,8033,8015,8046,8011,8029,
8062,8053,8037,8047,8053,8039,8040,8049,8046,8040,8041,8046,8061,8043,8041,8039,8061,8030,8035,8024,8046,8036,8052,8044,8034,8034,8045,8044,8029,8034,8032,8034,8041,8030,8049,8045,8042,8047,8045,8049,8045,8057,8040,8047,8035,8042,8040,8043,8036,8028,8054,8038,8056,8047,8036,8041,8022,8037,8058,8037,8029,8027,8034,8031,8059,8049,8031,8046,8048,8035,8047,8027,8034,8009,8030,8026,8013,8034,8019,8024,
8031,8055,8046,8062,8041,8048,8053,8063,8045,8038,8049,8046,8048,8032,8038,8046,8054,8029,8045,8040,8055,8038,8047,8048,8044,8040,8055,8058,8025,8033,8039,8031,8030,8039,8039,8052,8048,8045,8049,8054,8062,8043,8043,8051,8041,8041,8050,8051,8037,8037,8052,8044,8048,8041,8050,8043,8028,8039,8043,8059,8043,8035,8039,8032,8063,8041,8055,8040,8060,8035,8063,8030,8036,8014,8033,8049,8006,8043,8021,8035,
29.30,25.70,False,0