7823,7810,7830,7842,7828,7838,7814,7841,7837,7828,7840,7841,7842,7833,7833,7849,7846,7842,7832,7843,7840,7854,7828,7870,7844,7861,7856,7842,7853,7864,7845,7845,7850,7848,7839,7858,7847,7857,7841,7846,7851,7848,7852,7858,7847,7861,7859,7872,7854,7856,7861,7854,7858,7854,7854,7854,7866,7855,7855,7853,7848,7870,7869,7856,7868,7866,7853,7852,7867,7860,7869,7878,7846,7846,7854,7870,7842,7848,7838,7846,
7813,7821,7829,7835,7838,7841,7835,7835,7852,7828,7850,7840,7857,7843,7831,7857,7853,7839,7843,7840,7846,7849,7842,7853,7860,7855,7832,7861,7860,7849,7846,7854,7863,7842,7854,7851,7856,7857,7852,7850,7853,7850,7857,7851,7852,7861,7864,7861,7844,7863,7866,7866,7848,7864,7869,7849,7864,7852,7870,7846,7846,7861,7869,7863,7874,7864,7845,7874,7870,7841,7880,7860,7856,7856,7863,7876,7848,7845,7842,7830,
7806,7824,7835,7824,7833,7849,7830,7831,7841,7813,7837,7840,7849,7842,7835,7861,7836,7836,7827,7846,7839,7859,7827,7846,7836,7854,7846,7856,7853,7876,7858,7853,7859,7844,7855,7867,7849,7862,7844,7850,7861,7835,7854,7862,7842,7851,7859,7843,7845,7873,7873,7865,7851,7854,7862,7856,7870,7853,7862,7868,7843,7844,7873,7860,7864,7846,7830,7855,7871,7857,7864,7867,7844,7855,7854,7885,7848,7841,7844,7846,
7799,7814,7804,7833,7831,7841,7848,7832,7850,7830,7832,7835,7838,7841,7836,7853,7852,7840,7845,7857,7855,7857,7838,7852,7859,7858,7841,7854,7845,7851,7859,7851,7849,7852,7860,7863,7853,7863,7852,7852,7861,7848,7861,7859,7840,7858,7866,7859,7855,7857,7856,7859,7852,7850,7864,7861,7872,7856,7851,7857,7834,7856,7867,7852,7861,7864,7854,7864,7859,7855,7862,7883,7870,7849,7869,7881,7849,7835,7853,7833,
7823,7827,7830,7837,7854,7848,7840,7840,7838,7824,7847,7845,7845,7841,7831,7864,7846,7852,7851,7847,7844,7845,7835,7859,7838,7850,7855,7865,7850,7862,7857,7854,7856,7846,7853,7848,7852,7863,7847,7854,7855,7845,7863,7861,7836,7856,7872,7854,7866,7862,7868,7851,7860,7865,7864,7863,7866,7853,7865,7865,7852,7869,7880,7857,7872,7874,7862,7861,7868,7860,7876,7873,7864,7848,7855,7880,7845,7865,7858,7848,
7808,7831,7837,7831,7826,7839,7843,7845,7851,7822,7861,7844,7841,7833,7832,7843,7850,7849,7850,7841,7841,7845,7836,7861,7844,7862,7851,7859,7850,7859,7861,7853,7854,7849,7844,7854,7851,7867,7844,7863,7861,7850,7870,7846,7857,7854,7856,7857,7856,7871,7863,7865,7853,7849,7872,7857,7869,7864,7864,7862,7847,7856,7864,7869,7872,7866,7868,7865,7874,7872,7869,7881,7877,7853,7866,7878,7859,7845,7851,7841,
7817,7836,7822,7836,7861,7842,7831,7845,7843,7829,7859,7837,7860,7839,7834,7849,7848,7842,7855,7839,7846,7847,7829,7858,7852,7868,7835,7850,7853,7859,7843,7852,7869,7852,7861,7852,7844,7860,7839,7856,7865,7849,7850,7854,7851,7854,7863,7853,7855,7867,7860,7865,7851,7861,7868,7867,7875,7855,7867,7858,7855,7864,7882,7864,7868,7858,7852,7871,7878,7863,7879,7868,7871,7875,7853,7880,7850,7853,7870,7833,
7807,7823,7831,7842,7838,7845,7840,7831,7852,7831,7843,7856,7847,7840,7835,7860,7838,7829,7836,7841,7848,7847,7826,7865,7836,7853,7847,7866,7857,7859,7865,7855,7859,7860,7854,7863,7861,7855,7847,7855,7854,7842,7848,7858,7850,7852,7853,7865,7857,7886,7858,7861,7857,7864,7873,7859,7876,7856,7886,7861,7847,7867,7871,7863,7869,7851,7856,7864,7872,7868,7865,7889,7879,7876,7861,7885,7859,7846,7854,7849,
7816,7837,7832,7860,7838,7849,7844,7830,7835,7827,7848,7844,7846,7838,7837,7846,7853,7854,7846,7844,7849,7852,7845,7861,7847,7842,7854,7854,7852,7851,7861,7849,7854,7854,7850,7849,7855,7849,7852,7850,7862,7852,7853,7844,7845,7860,7865,7862,7844,7858,7861,7863,7867,7855,7864,7859,7870,7863,7865,7860,7865,7863,7878,7871,7872,7864,7853,7868,7872,7857,7870,7886,7873,7875,7861,7866,7848,7864,7855,7858,
7822,7833,7837,7842,7842,7835,7847,7838,7835,7834,7846,7842,7846,7838,7842,7846,7856,7840,7850,7867,7859,7864,7843,7862,7853,7859,7839,7838,7845,7869,7848,7848,7854,7851,7853,7846,7846,7864,7851,7860,7861,7857,7859,7839,7854,7854,7865,7853,7870,7871,7867,7858,7860,7853,7864,7863,7876,7854,7878,7874,7869,7871,7879,7866,7878,7878,7862,7857,7892,7861,7876,7877,7872,7874,7863,7873,7850,7859,7867,7864,
7813,7838,7834,7863,7844,7852,7840,7835,7861,7831,7846,7841,7843,7833,7850,7833,7848,7841,7852,7860,7861,7857,7832,7854,7842,7854,7861,7859,7856,7857,7860,7848,7847,7849,7850,7854,7853,7856,7846,7860,7870,7849,7855,7850,7847,7848,7867,7855,7856,7866,7867,7869,7861,7863,7866,7861,7876,7872,7866,7869,7855,7875,7871,7865,7860,7866,7860,7875,7868,7866,7875,7867,7863,7872,7863,7874,7863,7867,7854,7877,
7817,7837,7822,7839,7848,7842,7853,7837,7836,7826,7852,7843,7844,7844,7841,7851,7852,7834,7842,7860,7860,7843,7833,7861,7850,7859,7848,7855,7856,7858,7870,7862,7850,7853,7867,7853,7856,7859,7848,7867,7860,7852,7869,7839,7839,7846,7860,7864,7859,7872,7859,7863,7864,7856,7868,7859,7864,7858,7862,7870,7855,7873,7867,7859,7866,7875,7879,7866,7872,7856,7868,7880,7878,7877,7875,7885,7877,7866,7869,7886,
7815,7835,7817,7849,7844,7859,7849,7842,7847,7834,7843,7846,7851,7845,7838,7852,7869,7840,7843,7866,7857,7854,7830,7855,7852,7851,7859,7859,7845,7863,7850,7847,7856,7856,7860,7861,7860,7864,7866,7863,7854,7868,7860,7851,7857,7861,7864,7866,7868,7872,7868,7880,7866,7850,7866,7869,7883,7870,7871,7882,7856,7875,7872,7858,7875,7875,7860,7878,7873,7866,7881,7875,7876,7876,7874,7882,7855,7865,7877,7892,
7823,7843,7846,7850,7835,7843,7869,7839,7848,7827,7862,7846,7847,7847,7842,7839,7847,7848,7846,7865,7867,7857,7832,7858,7852,7859,7857,7855,7853,7864,7850,7837,7855,7858,7853,7848,7860,7865,7855,7862,7874,7857,7852,7843,7847,7861,7858,7856,7848,7868,7874,7865,7868,7855,7863,7865,7873,7866,7875,7878,7865,7875,7869,7870,7868,7865,7877,7868,7878,7868,7884,7886,7880,7881,7874,7895,7875,7866,7882,7882,
7815,7839,7846,7855,7848,7852,7842,7842,7849,7838,7855,7848,7848,7843,7852,7848,7856,7854,7844,7865,7855,7853,7840,7872,7850,7852,7851,7868,7852,7861,7860,7854,7841,7858,7861,7852,7856,7855,7862,7858,7864,7858,7848,7847,7846,7855,7862,7864,7862,7871,7860,7879,7861,7852,7867,7870,7870,7874,7878,7881,7868,7879,7873,7873,7874,7879,7865,7869,7887,7869,7880,7890,7896,7880,7876,7895,7885,7891,7886,7894,
7818,7840,7834,7854,7850,7856,7847,7862,7852,7830,7859,7854,7857,7838,7845,7856,7862,7849,7849,7861,7852,7860,7840,7862,7850,7854,7862,7864,7865,7858,7855,7869,7846,7853,7860,7855,7853,7856,7865,7868,7875,7867,7871,7844,7855,7860,7866,7857,7856,7866,7861,7868,7863,7848,7875,7867,7873,7855,7871,7871,7860,7883,7883,7881,7884,7874,7862,7873,7882,7882,7870,7888,7883,7897,7885,7896,7891,7887,7915,7920,
7824,7828,7847,7853,7853,7849,7857,7848,7849,7843,7847,7847,7847,7844,7863,7834,7859,7849,7838,7853,7842,7865,7851,7854,7854,7854,7860,7863,7864,7861,7863,7851,7849,7857,7856,7859,7863,7862,7868,7853,7872,7861,7859,7855,7848,7868,7880,7877,7864,7873,7878,7872,7866,7859,7883,7866,7869,7846,7876,7884,7868,7888,7887,7889,7875,7881,7877,7880,7886,7873,7880,7890,7899,7877,7876,7895,7898,7916,7959,7980,
7828,7836,7829,7851,7841,7857,7864,7859,7853,7841,7854,7854,7857,7846,7851,7864,7855,7848,7855,7851,7849,7867,7842,7862,7851,7847,7858,7858,7858,7862,7849,7856,7858,7863,7863,7867,7856,7869,7872,7862,7865,7877,7868,7864,7860,7869,7869,7869,7865,7882,7878,7870,7865,7868,7876,7873,7884,7872,7885,7879,7876,7883,7875,7879,7885,7882,7867,7884,7885,7881,7894,7898,7906,7899,7886,7898,7899,7928,7944,7976,
7831,7846,7839,7851,7854,7845,7855,7846,7863,7848,7846,7851,7864,7846,7846,7851,7853,7841,7850,7850,7853,7859,7843,7857,7850,7853,7864,7866,7858,7866,7871,7873,7857,7852,7869,7855,7859,7871,7873,7858,7863,7856,7873,7858,7866,7867,7875,7874,7871,7874,7872,7870,7866,7861,7879,7877,7881,7873,7868,7877,7865,7884,7878,7881,7894,7887,7879,7884,7884,7872,7885,7902,7896,7888,7895,7910,7904,7915,7929,7934,
7838,7841,7834,7845,7856,7858,7862,7860,7849,7843,7849,7845,7869,7845,7845,7841,7856,7851,7851,7854,7853,7854,7855,7864,7844,7863,7863,7866,7868,7860,7879,7860,7861,7869,7860,7871,7862,7875,7866,7864,7862,7857,7860,7870,7857,7879,7873,7862,7857,7872,7883,7881,7869,7871,7876,7876,7886,7868,7890,7879,7881,7890,7896,7880,7886,7868,7884,7879,7886,7882,7903,7909,7921,7900,7911,7914,7916,7939,7965,7989,
7826,7838,7842,7836,7848,7867,7856,7852,7842,7854,7861,7850,7865,7842,7855,7845,7860,7852,7849,7852,7847,7863,7850,7860,7863,7859,7861,7864,7865,7869,7866,7866,7869,7868,7860,7872,7858,7871,7870,7866,7886,7859,7865,7859,7849,7870,7880,7871,7871,7884,7885,7883,7875,7875,7884,7880,7883,7866,7888,7881,7882,7880,7878,7879,7900,7880,7880,7880,7893,7878,7904,7918,7911,7915,7914,7934,7942,7956,7984,8001,
7842,7852,7847,7849,7850,7852,7847,7845,7854,7847,7851,7853,7847,7838,7835,7848,7857,7861,7848,7854,7847,7863,7845,7867,7854,7863,7862,7866,7862,7870,7860,7867,7843,7869,7862,7871,7870,7873,7867,7862,7865,7865,7857,7862,7860,7871,7875,7869,7865,7871,7872,7875,7875,7867,7884,7879,7884,7860,7875,7876,7880,7886,7889,7889,7890,7889,7882,7901,7885,7888,7911,7928,7920,7930,7965,7995,7980,7988,7993,7981,
7842,7834,7838,7855,7863,7858,7840,7849,7858,7852,7851,7853,7853,7846,7840,7844,7853,7849,7847,7845,7845,7865,7848,7861,7872,7862,7862,7868,7869,7870,7869,7861,7866,7874,7853,7862,7868,7872,7876,7864,7875,7862,7860,7859,7859,7872,7877,7872,7884,7884,7882,7873,7871,7872,7866,7883,7889,7885,7886,7873,7881,7892,7886,7892,7900,7902,7874,7877,7900,7892,7907,7971,7989,8001,8011,8006,7993,7989,7994,7987,
7843,7856,7861,7845,7844,7847,7857,7843,7856,7843,7862,7847,7857,7859,7849,7854,7852,7862,7850,7852,7851,7863,7852,7861,7852,7869,7863,7866,7868,7864,7859,7879,7859,7868,7860,7871,7870,7875,7862,7858,7878,7857,7862,7863,7852,7863,7876,7874,7875,7887,7878,7873,7880,7863,7871,7882,7876,7873,7893,7883,7872,7881,7885,7880,7892,7893,7881,7891,7894,7894,7914,7957,7966,7968,7968,7976,7961,7983,7985,7995,
7841,7853,7857,7862,7855,7874,7839,7854,7836,7848,7851,7847,7845,7850,7843,7851,7861,7842,7838,7848,7859,7869,7856,7866,7851,7860,7863,7868,7857,7877,7857,7860,7857,7866,7867,7860,7866,7873,7864,7875,7868,7871,7868,7868,7856,7871,7862,7869,7875,7867,7875,7889,7876,7859,7880,7866,7878,7886,7879,7880,7869,7883,7878,7885,7893,7894,7877,7902,7903,7902,7918,7907,7918,7920,7919,7932,7928,7944,7977,7982,
7852,7850,7842,7862,7856,7858,7852,7839,7844,7847,7851,7853,7858,7845,7844,7848,7863,7862,7849,7854,7854,7860,7844,7870,7855,7866,7860,7857,7870,7866,7851,7868,7868,7863,7868,7877,7873,7872,7866,7862,7870,7873,7869,7875,7855,7883,7871,7875,7878,7883,7879,7876,7872,7866,7875,7873,7882,7874,7892,7892,7867,7890,7875,7883,7902,7888,7878,7891,7905,7902,7906,7908,7922,7921,7916,7949,7925,7949,7979,7980,
7858,7861,7855,7855,7850,7858,7856,7865,7852,7846,7848,7852,7851,7857,7839,7847,7863,7853,7854,7853,7850,7862,7837,7872,7859,7871,7856,7866,7873,7868,7857,7870,7856,7860,7855,7878,7871,7879,7860,7864,7865,7868,7867,7865,7863,7875,7879,7877,7879,7872,7879,7883,7872,7871,7869,7871,7881,7876,7888,7875,7882,7885,7887,7896,7893,7891,7882,7899,7898,7892,7902,7906,7916,7918,7922,7941,7951,7973,7988,7987,
7863,7854,7852,7853,7861,7864,7868,7854,7844,7835,7863,7846,7855,7855,7840,7849,7866,7850,7841,7868,7845,7861,7850,7867,7864,7865,7866,7869,7860,7882,7852,7868,7860,7869,7869,7859,7868,7876,7869,7886,7878,7866,7871,7862,7862,7872,7875,7875,7873,7872,7875,7879,7878,7869,7882,7875,7880,7874,7883,7877,7871,7890,7878,7879,7891,7901,7888,7888,7894,7900,7898,7914,7929,7935,7956,8004,7987,7982,8000,7982,
7859,7859,7852,7871,7871,7859,7861,7858,7853,7838,7859,7858,7854,7867,7854,7857,7861,7850,7851,7870,7848,7863,7853,7874,7864,7867,7861,7872,7875,7869,7858,7867,7866,7863,7860,7866,7866,7864,7861,7870,7878,7875,7871,7870,7857,7879,7868,7877,7865,7866,7876,7870,7867,7864,7875,7870,7878,7881,7888,7867,7868,7883,7883,7882,7889,7881,7880,7880,7895,7890,7906,7912,7951,7974,7988,8015,7998,7989,7983,8009,
7854,7860,7863,7862,7854,7869,7854,7845,7846,7840,7853,7859,7862,7851,7844,7849,7854,7856,7853,7860,7841,7851,7855,7875,7847,7865,7860,7870,7859,7867,7865,7874,7862,7865,7861,7859,7871,7872,7866,7871,7869,7869,7879,7869,7863,7877,7874,7880,7878,7875,7881,7866,7880,7863,7867,7871,7874,7880,7889,7880,7876,7881,7877,7885,7885,7884,7879,7881,7887,7893,7906,7907,7951,7937,7926,7951,7949,7943,7960,7987,
7850,7855,7867,7875,7858,7862,7869,7843,7843,7845,7857,7853,7860,7851,7844,7851,7852,7855,7862,7857,7846,7870,7859,7858,7876,7874,7859,7869,7875,7869,7857,7872,7878,7863,7861,7874,7867,7870,7856,7863,7884,7872,7880,7866,7867,7881,7876,7883,7870,7865,7877,7882,7879,7866,7876,7882,7889,7877,7888,7890,7861,7881,7887,7883,7885,7894,7885,7886,7880,7895,7886,7899,7905,7898,7890,7922,7921,7918,7924,7979,
7864,7866,7872,7863,7867,7878,7865,7854,7853,7850,7861,7853,7855,7861,7847,7863,7859,7857,7857,7859,7848,7858,7857,7864,7861,7864,7863,7868,7879,7874,7861,7873,7869,7861,7866,7871,7867,7861,7873,7867,7876,7869,7866,7874,7865,7876,7877,7873,7870,7889,7873,7880,7885,7867,7876,7869,7876,7873,7889,7881,7865,7890,7878,7886,7890,7873,7880,7891,7891,7885,7885,7884,7888,7897,7887,7905,7898,7902,7915,7957,
7855,7856,7864,7876,7868,7869,7868,7853,7865,7837,7858,7841,7855,7853,7848,7862,7866,7863,7852,7852,7858,7869,7858,7866,7857,7868,7866,7859,7873,7855,7856,7865,7868,7865,7858,7867,7866,7880,7877,7878,7877,7869,7872,7862,7866,7868,7877,7875,7865,7882,7877,7867,7881,7860,7874,7878,7874,7866,7887,7878,7872,7876,7904,7885,7885,7888,7882,7882,7882,7880,7882,7895,7887,7888,7879,7896,7882,7888,7896,7907,
7865,7849,7865,7877,7862,7862,7852,7860,7854,7852,7855,7847,7854,7856,7847,7860,7870,7864,7847,7853,7841,7870,7868,7874,7864,7870,7870,7878,7869,7865,7859,7866,7866,7878,7865,7870,7864,7867,7872,7865,7869,7866,7879,7864,7858,7871,7873,7875,7866,7882,7877,7867,7874,7865,7866,7880,7894,7870,7892,7877,7866,7885,7888,7889,7892,7885,7875,7885,7881,7879,7878,7894,7881,7890,7876,7884,7880,7877,7894,7890,
7855,7854,7870,7870,7863,7869,7867,7849,7851,7851,7860,7843,7852,7854,7862,7851,7860,7856,7851,7859,7858,7863,7855,7868,7857,7866,7859,7866,7863,7873,7861,7864,7870,7871,7869,7875,7880,7868,7856,7879,7875,7867,7860,7872,7855,7872,7881,7880,7872,7885,7866,7870,7883,7864,7885,7872,7886,7873,7888,7892,7873,7887,7881,7879,7875,7885,7873,7881,7883,7887,7870,7880,7892,7883,7880,7884,7870,7866,7891,7886,
7848,7858,7876,7877,7872,7866,7876,7854,7853,7865,7862,7836,7871,7845,7834,7856,7865,7864,7849,7849,7856,7871,7855,7871,7851,7860,7872,7877,7870,7864,7857,7872,7880,7862,7866,7869,7871,7861,7875,7866,7879,7858,7868,7869,7864,7875,7881,7884,7859,7879,7879,7875,7882,7868,7874,7867,7892,7876,7894,7881,7864,7879,7886,7886,7883,7885,7875,7878,7888,7873,7878,7869,7889,7872,7859,7881,7872,7863,7879,7874,
7853,7861,7856,7872,7869,7875,7866,7852,7853,7839,7866,7857,7851,7848,7845,7857,7877,7851,7861,7861,7858,7868,7869,7871,7860,7865,7868,7869,7871,7860,7857,7863,7867,7874,7868,7883,7878,7873,7866,7878,7872,7869,7868,7867,7867,7874,7878,7877,7871,7879,7870,7874,7884,7866,7889,7873,7891,7873,7874,7882,7869,7875,7881,7889,7879,7885,7871,7883,7880,7869,7874,7882,7888,7875,7870,7867,7858,7868,7882,7881,
7856,7851,7861,7870,7875,7868,7873,7847,7852,7844,7856,7858,7847,7858,7850,7860,7860,7855,7863,7863,7859,7863,7861,7870,7857,7867,7870,7871,7871,7875,7863,7877,7870,7867,7863,7875,7865,7863,7865,7876,7883,7869,7871,7861,7864,7873,7874,7875,7865,7889,7870,7866,7887,7864,7870,7867,7883,7881,7878,7873,7869,7873,7877,7879,7878,7880,7861,7886,7873,7862,7866,7886,7891,7873,7869,7882,7862,7864,7878,7884,
7853,7857,7855,7880,7861,7877,7871,7855,7855,7848,7863,7847,7853,7853,7859,7869,7872,7852,7848,7853,7860,7875,7861,7873,7866,7875,7871,7871,7869,7874,7862,7868,7878,7864,7863,7869,7856,7871,7867,7873,7871,7869,7874,7856,7860,7884,7876,7876,7878,7889,7867,7869,7873,7857,7873,7870,7866,7865,7878,7877,7868,7869,7884,7875,7891,7879,7874,7875,7883,7864,7874,7881,7882,7881,7857,7872,7866,7849,7875,7871,
7855,7853,7857,7869,7872,7864,7863,7856,7871,7840,7868,7851,7852,7851,7853,7863,7870,7852,7847,7859,7847,7874,7871,7872,7857,7874,7858,7875,7868,7869,7863,7868,7877,7856,7849,7869,7860,7868,7869,7865,7870,7866,7868,7862,7851,7876,7885,7879,7869,7872,7868,7877,7877,7857,7877,7874,7871,7855,7869,7874,7864,7874,7872,7870,7876,7873,7863,7867,7874,7873,7877,7880,7869,7880,7865,7858,7867,7861,7872,7876,
7855,7870,7860,7881,7876,7869,7875,7862,7864,7851,7860,7858,7858,7857,7847,7853,7861,7853,7855,7869,7863,7858,7857,7867,7871,7862,7871,7874,7853,7877,7863,7865,7868,7867,7863,7870,7869,7864,7867,7866,7859,7861,7878,7874,7853,7874,7864,7863,7870,7875,7860,7862,7863,7857,7885,7880,7875,7868,7869,7868,7866,7862,7870,7865,7881,7875,7870,7867,7865,7865,7879,7874,7874,7880,7866,7877,7850,7864,7888,7874,
7853,7852,7856,7870,7869,7865,7869,7870,7869,7847,7872,7852,7862,7861,7841,7854,7860,7850,7847,7867,7860,7862,7847,7874,7855,7867,7865,7870,7869,7858,7857,7857,7859,7862,7871,7873,7864,7872,7860,7853,7872,7862,7869,7862,7862,7871,7862,7856,7865,7865,7866,7871,7874,7867,7875,7881,7881,7860,7882,7876,7862,7865,7882,7866,7880,7874,7873,7875,7875,7878,7872,7863,7879,7862,7876,7874,7864,7866,7877,7870,
7851,7852,7856,7883,7872,7863,7874,7855,7855,7850,7861,7857,7851,7850,7848,7856,7853,7857,7871,7860,7870,7853,7851,7869,7862,7867,7857,7877,7866,7864,7863,7868,7872,7853,7863,7867,7859,7868,7860,7866,7871,7871,7863,7856,7865,7864,7870,7880,7866,7867,7871,7867,7872,7869,7883,7871,7878,7870,7875,7869,7856,7872,7873,7867,7884,7876,7869,7868,7870,7871,7863,7860,7881,7867,7871,7864,7866,7845,7872,7859,
7863,7863,7847,7879,7859,7867,7880,7865,7867,7851,7868,7864,7862,7857,7847,7852,7858,7853,7858,7865,7867,7857,7851,7862,7856,7863,7869,7856,7865,7860,7857,7857,7871,7862,7863,7868,7860,7855,7861,7862,7858,7865,7881,7860,7848,7872,7875,7864,7873,7863,7868,7876,7873,7863,7872,7880,7887,7868,7868,7876,7860,7876,7880,7861,7876,7883,7870,7881,7864,7866,7875,7868,7876,7870,7865,7876,7863,7862,7861,7865,
7849,7857,7862,7893,7873,7870,7869,7866,7860,7852,7863,7862,7852,7852,7849,7853,7864,7851,7848,7866,7859,7866,7844,7874,7861,7867,7860,7869,7865,7870,7859,7871,7863,7864,7864,7864,7872,7874,7863,7863,7872,7850,7874,7858,7848,7869,7863,7865,7869,7871,7872,7863,7870,7864,7871,7877,7890,7860,7887,7874,7863,7870,7873,7880,7878,7874,7867,7876,7872,7855,7873,7869,7874,7866,7860,7878,7863,7848,7855,7860,
7851,7856,7856,7879,7881,7868,7875,7867,7862,7856,7864,7870,7846,7857,7844,7856,7864,7856,7858,7857,7869,7852,7853,7872,7861,7868,7863,7864,7867,7853,7850,7856,7862,7859,7851,7866,7861,7872,7857,7861,7867,7860,7865,7857,7860,7870,7869,7863,7865,7876,7868,7870,7861,7853,7870,7875,7879,7844,7867,7874,7862,7874,7878,7867,7881,7870,7861,7871,7876,7867,7871,7867,7880,7861,7866,7878,7852,7841,7869,7850,
7847,7856,7857,7892,7881,7866,7892,7863,7859,7853,7875,7862,7852,7863,7855,7854,7855,7846,7856,7837,7861,7861,7867,7870,7864,7876,7875,7875,7873,7862,7862,7866,7862,7864,7862,7864,7857,7855,7863,7864,7870,7868,7869,7869,7865,7859,7873,7878,7865,7877,7875,7868,7880,7860,7878,7866,7874,7871,7869,7863,7869,7872,7875,7871,7878,7871,7872,7874,7873,7863,7870,7869,7875,7865,7860,7861,7864,7855,7866,7859,
7857,7853,7862,7886,7877,7872,7876,7855,7865,7856,7864,7862,7857,7861,7850,7865,7866,7853,7867,7867,7872,7861,7849,7865,7874,7868,7863,7864,7862,7861,7856,7859,7865,7870,7863,7872,7861,7868,7857,7866,7874,7872,7868,7865,7857,7854,7873,7863,7856,7865,7874,7857,7877,7860,7880,7877,7883,7856,7863,7876,7866,7861,7872,7874,7871,7877,7877,7864,7875,7864,7863,7877,7873,7870,7854,7871,7867,7853,7864,7858,
7869,7854,7845,7872,7874,7882,7868,7854,7858,7848,7874,7859,7864,7857,7854,7860,7862,7858,7850,7859,7865,7870,7853,7864,7866,7874,7857,7867,7870,7869,7863,7856,7866,7855,7863,7868,7865,7863,7851,7864,7855,7859,7867,7858,7858,7878,7860,7873,7859,7874,7864,7882,7868,7866,7879,7873,7876,7858,7862,7881,7862,7868,7876,7862,7883,7872,7862,7874,7874,7876,7865,7880,7878,7879,7861,7868,7860,7871,7856,7867,
7849,7854,7849,7867,7869,7881,7867,7851,7860,7852,7870,7861,7862,7856,7839,7858,7860,7860,7860,7857,7868,7874,7857,7873,7855,7862,7856,7862,7875,7864,7858,7873,7858,7870,7866,7878,7864,7871,7850,7865,7866,7864,7862,7857,7861,7870,7880,7873,7877,7873,7863,7881,7866,7870,7865,7876,7882,7859,7877,7874,7862,7875,7856,7856,7881,7875,7881,7866,7877,7862,7853,7882,7878,7880,7862,7878,7862,7853,7865,7851,
7860,7861,7855,7864,7869,7877,7862,7865,7877,7832,7866,7842,7856,7861,7842,7844,7852,7857,7854,7869,7871,7860,7856,7868,7867,7864,7865,7868,7858,7865,7857,7879,7863,7856,7859,7865,7870,7861,7853,7862,7861,7864,7864,7860,7861,7867,7869,7867,7872,7869,7869,7871,7873,7873,7873,7862,7876,7858,7864,7871,7856,7861,7867,7862,7876,7858,7853,7869,7857,7855,7861,7866,7886,7873,7860,7869,7869,7858,7860,7846,
7844,7846,7846,7868,7853,7892,7864,7861,7859,7855,7864,7862,7855,7856,7851,7861,7851,7852,7856,7857,7859,7867,7847,7872,7851,7871,7875,7874,7860,7878,7852,7866,7866,7865,7855,7863,7870,7865,7858,7874,7861,7863,7874,7866,7873,7873,7869,7877,7867,7870,7868,7891,7871,7862,7862,7875,7877,7860,7873,7877,7863,7864,7869,7862,7879,7859,7870,7859,7857,7861,7873,7872,7869,7869,7868,7864,7856,7843,7859,7834,
7853,7848,7847,7859,7863,7873,7866,7855,7854,7854,7863,7860,7851,7843,7851,7860,7857,7861,7856,7862,7857,7872,7865,7864,7871,7876,7861,7866,7875,7867,7858,7864,7852,7864,7854,7863,7870,7863,7872,7872,7849,7867,7884,7863,7868,7865,7871,7875,7873,7876,7867,7875,7877,7871,7872,7874,7871,7871,7875,7874,7859,7867,7868,7863,7875,7858,7865,7860,7876,7865,7868,7858,7869,7865,7850,7865,7844,7859,7854,7846,
7849,7842,7836,7862,7869,7868,7871,7849,7864,7851,7857,7863,7852,7848,7841,7862,7848,7854,7861,7864,7860,7865,7860,7858,7864,7863,7863,7873,7871,7866,7861,7861,7865,7850,7864,7858,7877,7880,7862,7853,7867,7856,7878,7859,7862,7879,7872,7884,7873,7870,7877,7864,7871,7860,7886,7874,7882,7858,7873,7888,7864,7873,7866,7864,7876,7877,7861,7869,7870,7873,7848,7861,7874,7865,7859,7858,7859,7853,7863,7848,
7844,7849,7839,7870,7851,7864,7856,7850,7856,7857,7856,7848,7855,7867,7840,7862,7856,7862,7849,7864,7863,7864,7861,7870,7859,7869,7859,7867,7873,7869,7870,7869,7871,7862,7871,7860,7866,7860,7859,7868,7851,7872,7869,7857,7867,7874,7864,7872,7870,7874,7883,7876,7876,7873,7871,7865,7876,7854,7859,7873,7861,7874,7870,7868,7879,7872,7869,7851,7866,7869,7863,7886,7860,7860,7846,7865,7843,7851,7851,7842,
7861,7837,7846,7863,7863,7870,7853,7845,7853,7845,7870,7847,7858,7850,7838,7864,7856,7857,7857,7863,7850,7874,7846,7868,7858,7870,7859,7877,7861,7873,7858,7863,7860,7861,7864,7871,7873,7866,7854,7868,7857,7863,7868,7870,7874,7865,7856,7875,7859,7869,7884,7874,7878,7868,7873,7875,7872,7863,7868,7884,7863,7860,7867,7851,7873,7872,7868,7859,7867,7858,7861,7872,7867,7853,7846,7866,7843,7849,7856,7848,
7851,7839,7854,7878,7865,7882,7859,7858,7854,7850,7855,7860,7870,7856,7860,7878,7871,7856,7854,7870,7869,7857,7846,7862,7856,7876,7870,7868,7863,7857,7878,7875,7865,7876,7861,7872,7864,7879,7874,7875,7868,7868,7868,7869,7861,7875,7880,7868,7866,7885,7868,7891,7879,7867,7870,7866,7877,7866,7881,7862,7868,7873,7867,7872,7870,7870,7858,7864,7865,7869,7861,7861,7865,7849,7853,7875,7843,7842,7830,7836,
7849,7839,7847,7859,7857,7865,7854,7864,7862,7855,7862,7858,7861,7864,7851,7856,7862,7850,7870,7865,7864,7864,7861,7869,7865,7865,7874,7868,7862,7866,7873,7870,7874,7854,7877,7875,7865,7875,7877,7874,7877,7861,7882,7862,7870,7872,7874,7863,7869,7874,7879,7880,7882,7871,7866,7869,7881,7862,7871,7876,7865,7871,7868,7868,7875,7873,7880,7871,7864,7848,7849,7863,7867,7846,7850,7853,7844,7835,7850,7840,
7837,7842,7850,7856,7854,7868,7859,7847,7858,7835,7847,7857,7868,7856,7851,7861,7854,7864,7857,7850,7862,7860,7862,7876,7860,7879,7866,7878,7870,7862,7868,7875,7872,7864,7872,7868,7876,7884,7878,7875,7883,7867,7869,7870,7870,7873,7869,7871,7873,7873,7877,7874,7874,7871,7876,7871,7875,7868,7868,7870,7861,7868,7874,7863,7874,7875,7870,7880,7856,7862,7854,7868,7873,7855,7842,7867,7834,7851,7838,7840,
7836,7844,7832,7862,7857,7861,7848,7865,7854,7839,7865,7856,7850,7870,7849,7874,7852,7855,7860,7860,7863,7858,7859,7867,7864,7874,7866,7868,7874,7872,7865,7875,7876,7866,7869,7879,7870,7880,7886,7861,7874,7875,7865,7864,7869,7877,7885,7875,7876,7882,7886,7882,7884,7864,7868,7879,7887,7859,7869,7879,7866,7882,7860,7873,7889,7886,7867,7872,7867,7847,7841,7867,7860,7842,7862,7859,7842,7836,7836,7841,
31.47,28.02,False,0