7868,7868,7879,7863,7866,7866,7865,7846,7891,7889,7883,7884,7884,7876,7888,7880,7915,7904,7903,7905,7910,7891,7898,7904,7898,7886,7891,7873,7891,7916,7897,7878,7908,7883,7899,7926,7885,7927,7917,7909,7926,7944,7947,7940,7944,7951,7958,7957,7954,7925,7912,7937,7910,7902,7927,7889,7931,7934,7917,7892,7916,7917,7894,7922,7912,7930,7923,7922,7921,7936,7892,7908,7902,7927,7913,7925,7929,7944,7927,7934,
7866,7875,7849,7871,7849,7853,7889,7865,7896,7884,7896,7885,7885,7871,7883,7888,7893,7914,7899,7901,7899,7876,7887,7897,7889,7881,7887,7880,7883,7903,7918,7913,7909,7882,7884,7906,7886,7910,7908,7922,7905,7944,7944,7943,7942,7955,7961,7935,7923,7930,7912,7945,7920,7925,7932,7901,7952,7909,7906,7898,7915,7906,7903,7919,7911,7917,7915,7903,7928,7927,7918,7923,7921,7945,7923,7930,7956,7967,7961,7962,
7871,7891,7862,7861,7850,7866,7888,7877,7903,7876,7905,7871,7884,7866,7873,7887,7899,7898,7905,7892,7888,7878,7880,7891,7884,7897,7901,7900,7878,7902,7899,7899,7905,7894,7894,7923,7903,7912,7909,7919,7921,7940,7944,7946,7948,7939,7967,7925,7936,7934,7919,7924,7919,7900,7937,7902,7962,7923,7932,7896,7927,7916,7900,7925,7926,7915,7911,7924,7913,7932,7931,7940,7934,7933,7952,7963,8015,7967,7981,8001,
7873,7894,7877,7862,7863,7861,7898,7879,7885,7901,7909,7883,7871,7866,7883,7893,7912,7905,7904,7897,7884,7880,7877,7897,7889,7881,7889,7906,7883,7917,7907,7903,7916,7905,7889,7921,7893,7923,7915,7917,7936,7934,7932,7959,7952,7965,7972,7940,7945,7939,7933,7940,7915,7910,7933,7924,7938,7925,7915,7896,7911,7913,7918,7934,7916,7923,7921,7923,7928,7959,7934,7948,7957,7982,7990,7991,8009,8011,8017,7991,
7865,7868,7864,7877,7877,7863,7886,7872,7890,7868,7876,7885,7887,7857,7864,7884,7900,7900,7903,7875,7902,7884,7902,7901,7887,7878,7896,7901,7895,7908,7917,7907,7918,7905,7897,7918,7896,7919,7914,7912,7938,7945,7947,7973,7955,7958,7971,7942,7957,7932,7925,7948,7941,7910,7924,7920,7941,7920,7929,7898,7913,7919,7921,7913,7930,7930,7925,7918,7927,7932,7944,7981,7987,8022,8018,8006,8030,8032,8027,8022,
7883,7888,7879,7861,7851,7875,7891,7878,7885,7864,7904,7902,7891,7888,7885,7892,7898,7897,7895,7889,7893,7897,7885,7917,7883,7886,7882,7884,7893,7901,7922,7906,7899,7903,7871,7924,7897,7919,7907,7926,7935,7959,7970,7956,7973,7963,7980,7939,7962,7952,7946,7952,7917,7922,7952,7905,7942,7932,7929,7917,7914,7915,7917,7929,7917,7937,7942,7925,7933,7964,7965,8004,8013,8025,8027,8015,8049,8035,8041,8046,
7867,7885,7858,7856,7869,7864,7884,7870,7876,7877,7895,7879,7879,7868,7892,7878,7886,7899,7911,7885,7895,7886,7891,7899,7894,7900,7893,7892,7903,7900,7910,7899,7916,7906,7880,7931,7906,7931,7931,7933,7944,7973,7990,7970,7977,7981,8007,7965,7979,7965,7954,7944,7924,7927,7941,7911,7946,7945,7937,7915,7924,7918,7918,7938,7930,7950,7939,7943,7956,7976,7991,8009,8035,8041,8029,8053,8045,8054,8032,8047,
7877,7884,7865,7856,7877,7870,7887,7863,7886,7882,7899,7894,7881,7870,7868,7893,7902,7890,7885,7910,7903,7886,7883,7895,7899,7882,7895,7896,7892,7906,7912,7904,7924,7904,7895,7926,7901,7927,7915,7913,7968,7985,7996,7990,7995,7989,8029,7996,7984,7964,7942,7963,7930,7920,7936,7901,7937,7938,7941,7915,7933,7931,7903,7936,7917,7952,7944,7945,7951,7998,8001,8038,8034,8059,8046,8051,8068,8052,8047,8057,
7900,7892,7868,7862,7859,7873,7898,7871,7884,7873,7909,7884,7884,7857,7881,7886,7901,7890,7905,7907,7892,7883,7903,7897,7889,7879,7895,7897,7905,7924,7910,7916,7923,7894,7897,7924,7901,7926,7917,7929,7990,8039,8030,8001,7995,8013,8036,8043,8009,7982,7970,7976,7951,7927,7939,7916,7946,7935,7916,7923,7934,7930,7918,7933,7941,7942,7922,7966,7980,8005,8006,8027,8040,8041,8062,8065,8074,8061,8047,8033,
7884,7877,7854,7873,7860,7885,7882,7873,7885,7873,7900,7885,7881,7881,7884,7884,7900,7900,7908,7906,7904,7886,7891,7905,7894,7885,7884,7897,7899,7915,7903,7903,7915,7909,7903,7905,7900,7933,7929,7947,7994,8057,8039,8020,8008,8026,8049,8036,8019,7995,7997,7980,7929,7927,7947,7916,7950,7935,7923,7924,7941,7921,7934,7922,7930,7944,7951,7988,8029,8009,8034,8021,8055,8044,8050,8041,8074,8063,8047,8029,
7887,7875,7859,7865,7875,7880,7889,7878,7884,7886,7911,7878,7898,7884,7885,7895,7902,7906,7911,7888,7914,7902,7885,7909,7892,7886,7906,7904,7892,7910,7909,7898,7927,7899,7906,7912,7900,7916,7940,7945,8003,8042,8056,8039,8011,8021,8058,8055,8056,8007,7989,7984,7953,7930,7948,7915,7950,7933,7923,7926,7941,7923,7933,7942,7934,7957,7954,8015,8065,8059,8030,8043,8063,8041,8059,8044,8062,8055,8038,8033,
7870,7876,7865,7872,7879,7866,7898,7883,7884,7897,7914,7893,7892,7877,7883,7901,7898,7907,7892,7900,7901,7903,7909,7896,7906,7892,7883,7903,7905,7933,7921,7919,7921,7875,7906,7923,7909,7936,7936,7946,8013,8045,8042,8035,8021,8030,8047,8060,8052,8011,8004,7993,7956,7937,7948,7916,7941,7931,7927,7917,7929,7927,7917,7929,7939,7961,7965,8001,8042,8012,8021,8035,8032,8057,8066,8032,8034,8037,8021,8025,
7881,7879,7884,7885,7883,7873,7883,7869,7885,7905,7905,7892,7881,7870,7882,7900,7902,7897,7886,7897,7905,7906,7906,7905,7897,7895,7907,7899,7915,7926,7915,7898,7895,7910,7901,7916,7908,7941,7925,7932,7991,8055,8048,8043,8031,8022,8018,8028,8031,8015,7998,7988,7940,7934,7953,7936,7972,7931,7932,7931,7936,7926,7939,7929,7924,7952,7958,7967,7994,7994,7991,8023,8047,8065,8061,8025,8025,8014,8017,8005,
7893,7883,7883,7881,7871,7882,7919,7880,7889,7899,7913,7906,7890,7873,7876,7879,7896,7901,7894,7898,7900,7897,7891,7898,7906,7899,7897,7903,7890,7927,7921,7900,7920,7906,7914,7919,7920,7925,7917,7936,7948,7986,7993,7977,7968,7960,7984,7972,7983,7963,7972,7965,7953,7935,7953,7916,7948,7927,7936,7910,7932,7926,7933,7947,7931,7954,7962,7967,7987,7977,7995,8056,8051,8069,8046,8028,8007,7971,7978,8024,
7879,7893,7872,7882,7870,7877,7887,7874,7896,7892,7917,7897,7882,7876,7881,7893,7892,7902,7893,7896,7895,7889,7910,7918,7896,7889,7906,7895,7912,7934,7911,7908,7910,7902,7905,7917,7896,7925,7933,7934,7935,7951,7945,7935,7946,7951,7951,7946,7942,7932,7936,7947,7947,7932,7951,7930,7946,7931,7940,7939,7945,7926,7925,7940,7932,7948,7948,7970,7979,8008,8042,8084,8058,8047,8022,7969,7984,7972,7981,7997,
7897,7902,7887,7891,7882,7885,7901,7876,7905,7897,7921,7893,7891,7875,7877,7900,7904,7891,7891,7890,7906,7901,7902,7909,7901,7892,7900,7905,7894,7927,7908,7913,7919,7908,7911,7937,7906,7923,7921,7927,7930,7937,7931,7916,7933,7943,7952,7935,7935,7931,7939,7952,7930,7933,7950,7926,7940,7927,7935,7920,7934,7922,7928,7942,7930,7949,7948,7961,7975,8018,8080,8086,8073,8035,7987,7960,7973,7955,7945,7941,
7887,7896,7881,7874,7878,7884,7889,7881,7905,7886,7910,7887,7907,7879,7909,7897,7899,7908,7887,7900,7892,7895,7906,7921,7913,7903,7894,7912,7904,7916,7928,7906,7924,7916,7916,7917,7905,7933,7934,7925,7929,7931,7937,7924,7912,7944,7939,7934,7933,7926,7923,7948,7945,7951,7950,7927,7936,7930,7932,7916,7931,7926,7927,7951,7956,7953,7960,7954,7972,8035,8089,8061,8046,8014,7964,7955,7943,7922,7944,7929,
7885,7899,7888,7869,7877,7890,7888,7893,7912,7907,7913,7888,7894,7867,7884,7896,7912,7903,7914,7907,7903,7889,7916,7905,7894,7909,7896,7900,7902,7917,7904,7911,7921,7914,7923,7931,7917,7937,7926,7927,7925,7938,7939,7949,7932,7930,7931,7939,7938,7931,7942,7943,7933,7923,7931,7928,7961,7935,7934,7922,7937,7917,7940,7948,7937,7957,7950,7971,7967,8022,8077,8032,7963,7984,7963,7917,7951,7944,7920,7909,
7890,7889,7890,7874,7882,7877,7892,7875,7919,7906,7905,7897,7899,7871,7883,7895,7897,7889,7916,7910,7897,7896,7903,7920,7913,7905,7913,7916,7912,7933,7933,7920,7937,7917,7914,7936,7925,7949,7928,7926,7936,7937,7953,7939,7931,7942,7942,7926,7938,7943,7932,7960,7944,7925,7932,7924,7965,7912,7939,7928,7923,7923,7933,7941,7955,7953,7940,7970,7988,8054,8059,7976,7959,7952,7945,7938,7933,7930,7944,7931,
7890,7881,7882,7872,7887,7881,7898,7892,7913,7896,7921,7889,7889,7882,7891,7902,7914,7898,7904,7920,7909,7899,7912,7920,7925,7906,7895,7914,7909,7928,7922,7928,7935,7918,7921,7931,7950,7972,7925,7933,7939,7933,7937,7939,7943,7949,7960,7929,7934,7924,7955,7956,7949,7936,7942,7919,7945,7928,7943,7928,7938,7924,7939,7939,7935,7942,7952,7967,7978,8047,8014,7954,7948,7959,7951,7948,7941,7914,7921,7911,
7890,7883,7886,7874,7879,7877,7886,7902,7910,7890,7919,7899,7895,7886,7898,7895,7904,7903,7903,7910,7907,7893,7901,7918,7925,7900,7909,7916,7934,7926,7931,7927,7936,7924,7919,7974,7960,7956,7930,7925,7943,7935,7928,7931,7933,7936,7945,7930,7939,7940,7944,7972,7951,7933,7946,7932,7966,7941,7938,7933,7934,7911,7940,7951,7943,7950,7956,7955,7968,7988,7962,7949,7933,7954,7948,7941,7925,7920,7918,7911,
7903,7899,7880,7885,7889,7879,7894,7871,7912,7903,7926,7896,7893,7886,7882,7895,7895,7891,7904,7904,7901,7903,7920,7914,7912,7913,7904,7909,7891,7927,7925,7914,7933,7920,7936,7982,7975,7974,7945,7941,7927,7943,7940,7951,7930,7944,7950,7943,7932,7926,7942,7965,7962,7935,7963,7938,7966,7943,7948,7927,7950,7925,7932,7936,7942,7933,7949,7965,7961,7990,7944,7936,7924,7936,7934,7924,7920,7912,7932,7911,
7897,7887,7893,7879,7894,7884,7895,7873,7913,7899,7905,7907,7900,7886,7897,7897,7895,7883,7894,7898,7905,7900,7919,7924,7920,7916,7907,7909,7923,7949,7930,7933,7935,7927,7943,7984,7975,7979,7934,7938,7937,7943,7959,7969,7950,7949,7951,7944,7939,7940,7957,7968,7974,7960,7948,7928,7975,7953,7950,7944,7954,7936,7937,7947,7942,7945,7954,7947,7955,7953,7932,7934,7932,7936,7929,7928,7932,7915,7913,7914,
7892,7898,7885,7886,7902,7885,7901,7885,7906,7902,7917,7893,7892,7890,7899,7902,7899,7911,7907,7906,7887,7916,7910,7913,7917,7911,7904,7924,7920,7931,7946,7932,7941,7920,7941,7983,7959,7979,7944,7942,7928,7952,7969,7988,7954,7937,7942,7931,7951,7931,7946,7982,8001,7970,7966,7954,7996,7957,7960,7943,7944,7942,7949,7941,7940,7953,7951,7927,7931,7949,7938,7935,7929,7929,7934,7939,7937,7910,7916,7900,
7894,7916,7892,7885,7896,7909,7903,7878,7891,7889,7919,7896,7903,7899,7901,7907,7900,7906,7903,7902,7923,7905,7910,7924,7924,7897,7911,7899,7903,7931,7926,7923,7937,7931,7945,7965,7932,7959,7940,7939,7943,7962,7981,7987,7959,7943,7949,7942,7942,7948,7957,7976,7990,7964,7984,7950,8000,7977,7941,7940,7963,7937,7942,7952,7957,7953,7945,7957,7947,7953,7928,7933,7938,7931,7932,7939,7938,7913,7912,7896,
7911,7905,7893,7893,7885,7884,7911,7888,7903,7893,7902,7901,7916,7893,7889,7904,7906,7909,7916,7916,7916,7901,7908,7907,7928,7902,7894,7908,7909,7926,7929,7933,7931,7926,7943,7953,7942,7951,7934,7935,7950,7956,8000,7989,7968,7943,7947,7939,7950,7943,7963,7973,7963,7952,7969,7949,7976,7959,7955,7935,7966,7937,7930,7938,7954,7950,7953,7957,7942,7939,7945,7923,7938,7918,7925,7928,7932,7918,7918,7902,
7900,7903,7887,7882,7904,7884,7906,7883,7883,7898,7920,7900,7895,7896,7903,7897,7911,7902,7908,7912,7906,7900,7908,7915,7929,7916,7902,7920,7917,7934,7932,7933,7932,7927,7933,7957,7941,7963,7936,7947,7970,7952,7991,7978,7944,7933,7951,7932,7941,7949,7947,7977,7962,7944,7955,7964,7973,7957,7957,7939,7956,7932,7948,7946,7953,7968,7933,7948,7929,7940,7931,7926,7919,7923,7927,7920,7948,7916,7934,7897,
7910,7908,7887,7876,7888,7901,7905,7897,7903,7902,7921,7902,7893,7910,7888,7904,7906,7914,7906,7912,7916,7906,7921,7921,7915,7909,7906,7915,7902,7952,7942,7940,7936,7940,7935,7967,7928,7939,7947,7943,7947,7984,7982,7957,7955,7935,7954,7934,7937,7935,7948,7944,7951,7955,7967,7943,7965,7957,7946,7941,7948,7940,7942,7936,7950,7964,7942,7945,7931,7944,7931,7922,7929,7926,7923,7921,7932,7909,7915,7901,
7901,7915,7882,7906,7903,7881,7902,7894,7899,7904,7909,7890,7908,7893,7892,7907,7910,7908,7904,7921,7917,7898,7915,7914,7925,7916,7913,7905,7908,7942,7923,7920,7935,7932,7930,7943,7926,7941,7923,7950,7949,7962,7963,7939,7935,7932,7950,7934,7938,7930,7954,7962,7949,7943,7966,7935,7963,7962,7946,7927,7960,7933,7946,7946,7923,7956,7945,7947,7932,7939,7920,7917,7923,7928,7918,7921,7939,7923,7918,7921,
7890,7901,7899,7897,7892,7894,7902,7897,7903,7899,7921,7884,7892,7890,7896,7899,7915,7903,7908,7903,7910,7900,7902,7927,7920,7893,7905,7922,7905,7934,7927,7936,7943,7922,7939,7961,7933,7937,7933,7949,7944,7945,7945,7939,7938,7926,7950,7929,7947,7942,7940,7954,7937,7936,7958,7948,7957,7951,7933,7940,7942,7928,7927,7946,7954,7945,7936,7942,7941,7933,7921,7930,7927,7930,7929,7929,7933,7916,7927,7904,
7917,7899,7909,7899,7892,7891,7892,7897,7920,7884,7909,7895,7906,7897,7902,7900,7912,7906,7916,7920,7906,7906,7917,7912,7901,7898,7907,7918,7914,7931,7932,7933,7935,7927,7944,7966,7931,7940,7943,7955,7946,7941,7932,7931,7935,7932,7944,7939,7930,7938,7946,7956,7955,7948,7960,7951,7956,7951,7947,7945,7957,7939,7944,7941,7951,7958,7948,7943,7935,7953,7932,7913,7924,7919,7908,7923,7918,7897,7919,7907,
7901,7918,7901,7893,7897,7903,7909,7901,7910,7905,7918,7893,7897,7890,7896,7902,7897,7914,7907,7906,7910,7912,7919,7930,7918,7897,7908,7905,7898,7942,7926,7935,7943,7926,7932,7947,7927,7941,7956,7947,7948,7943,7942,7942,7933,7937,7942,7944,7928,7937,7934,7951,7951,7932,7961,7937,7957,7954,7957,7911,7949,7951,7938,7940,7957,7951,7937,7938,7934,7938,7918,7932,7933,7923,7915,7914,7928,7915,7903,7909,
7902,7910,7910,7901,7887,7894,7905,7889,7900,7897,7931,7910,7899,7887,7897,7900,7900,7898,7928,7900,7902,7909,7913,7911,7916,7913,7921,7906,7919,7937,7919,7931,7929,7931,7935,7946,7927,7947,7942,7941,7934,7933,7939,7927,7932,7932,7943,7937,7935,7945,7946,7947,7950,7934,7959,7929,7959,7952,7944,7932,7943,7942,7932,7941,7942,7951,7938,7935,7948,7929,7914,7910,7921,7926,7913,7915,7906,7896,7928,7894,
7918,7904,7906,7904,7891,7889,7901,7884,7903,7887,7921,7888,7893,7884,7908,7920,7905,7901,7909,7891,7915,7900,7914,7929,7915,7918,7925,7915,7923,7948,7927,7930,7931,7930,7925,7931,7929,7946,7931,7938,7940,7936,7947,7929,7928,7942,7946,7955,7925,7932,7941,7943,7934,7933,7954,7938,7956,7945,7936,7933,7954,7934,7928,7930,7946,7947,7949,7942,7943,7937,7935,7925,7915,7920,7919,7931,7902,7905,7911,7897,
7897,7908,7900,7889,7902,7896,7894,7889,7893,7880,7922,7907,7891,7900,7899,7896,7916,7887,7920,7914,7906,7908,7917,7927,7922,7913,7902,7910,7918,7923,7921,7940,7927,7922,7929,7940,7917,7943,7931,7933,7934,7929,7930,7930,7926,7929,7944,7925,7942,7934,7948,7951,7946,7931,7954,7941,7968,7943,7937,7919,7942,7933,7935,7962,7940,7945,7935,7946,7936,7918,7924,7917,7917,7919,7912,7914,7918,7926,7908,7907,
7915,7918,7904,7900,7898,7887,7927,7888,7902,7910,7922,7897,7890,7887,7896,7900,7904,7905,7926,7920,7920,7914,7915,7927,7930,7920,7903,7927,7926,7921,7921,7940,7927,7926,7927,7930,7930,7947,7931,7927,7931,7923,7943,7923,7943,7938,7948,7936,7940,7946,7941,7965,7943,7934,7954,7942,7955,7935,7939,7932,7939,7931,7922,7940,7928,7949,7938,7933,7944,7922,7921,7916,7932,7915,7914,7912,7922,7903,7911,7897,
7904,7904,7904,7902,7905,7892,7910,7898,7903,7911,7915,7900,7905,7883,7889,7901,7925,7899,7910,7920,7907,7903,7920,7927,7913,7919,7907,7928,7919,7940,7926,7928,7927,7921,7918,7930,7910,7937,7925,7924,7925,7939,7933,7919,7935,7935,7951,7946,7924,7944,7939,7955,7945,7927,7955,7927,7959,7941,7924,7922,7951,7937,7921,7942,7943,7961,7947,7939,7929,7917,7926,7914,7920,7924,7914,7909,7923,7890,7906,7889,
7906,7908,7910,7917,7892,7896,7923,7895,7906,7896,7920,7901,7900,7907,7885,7896,7912,7883,7918,7907,7910,7913,7917,7912,7934,7909,7903,7914,7915,7934,7928,7931,7927,7911,7917,7929,7919,7928,7915,7934,7938,7939,7942,7929,7931,7925,7932,7930,7932,7940,7940,7955,7946,7936,7943,7924,7956,7947,7942,7929,7939,7923,7929,7954,7920,7943,7937,7942,7924,7916,7918,7900,7914,7932,7909,7915,7915,7906,7896,7885,
7896,7915,7911,7900,7896,7903,7928,7892,7907,7899,7931,7895,7900,7905,7902,7912,7906,7909,7926,7909,7898,7903,7930,7943,7928,7914,7902,7921,7919,7930,7920,7926,7926,7926,7921,7936,7917,7939,7907,7923,7931,7927,7930,7922,7937,7926,7940,7932,7942,7927,7946,7949,7936,7920,7958,7925,7950,7937,7941,7931,7941,7928,7916,7939,7951,7936,7930,7938,7935,7931,7915,7912,7921,7913,7908,7908,7910,7895,7922,7888,
7913,7907,7902,7900,7905,7878,7901,7903,7920,7903,7919,7903,7892,7900,7904,7907,7915,7899,7909,7909,7914,7909,7907,7927,7910,7910,7899,7914,7928,7941,7922,7921,7930,7904,7934,7945,7908,7930,7908,7924,7925,7926,7929,7928,7930,7913,7938,7929,7932,7936,7939,7964,7936,7939,7939,7936,7968,7958,7936,7919,7943,7936,7920,7937,7951,7944,7925,7936,7938,7910,7921,7912,7918,7923,7917,7900,7906,7897,7908,7892,
7917,7914,7904,7912,7888,7902,7923,7883,7915,7906,7913,7898,7907,7887,7898,7895,7907,7907,7912,7927,7917,7912,7910,7920,7917,7889,7903,7927,7900,7932,7920,7927,7924,7912,7913,7935,7922,7932,7913,7923,7917,7942,7943,7931,7920,7922,7943,7922,7934,7929,7936,7949,7927,7940,7950,7922,7952,7951,7939,7921,7937,7929,7932,7935,7950,7942,7945,7928,7934,7924,7910,7910,7914,7913,7914,7911,7917,7903,7933,7901,
7920,7922,7923,7896,7887,7903,7921,7898,7909,7898,7920,7903,7905,7891,7915,7912,7895,7904,7896,7915,7911,7901,7900,7904,7902,7905,7913,7897,7908,7922,7918,7917,7928,7909,7927,7920,7909,7934,7913,7935,7934,7936,7924,7925,7925,7926,7927,7932,7931,7945,7932,7955,7951,7932,7958,7929,7967,7936,7944,7937,7931,7929,7931,7932,7948,7950,7934,7925,7923,7925,7926,7916,7938,7923,7907,7916,7921,7914,7897,7895,
7913,7916,7907,7910,7895,7902,7913,7906,7901,7916,7931,7909,7900,7906,7899,7897,7903,7906,7907,7904,7913,7916,7910,7915,7921,7904,7898,7912,7917,7924,7907,7923,7938,7917,7918,7921,7916,7944,7920,7938,7933,7927,7936,7923,7917,7930,7947,7937,7939,7929,7944,7955,7944,7938,7947,7933,7964,7952,7949,7928,7932,7925,7937,7933,7932,7948,7943,7940,7927,7946,7915,7930,7911,7925,7918,7920,7915,7897,7924,7912,
7910,7929,7904,7906,7906,7906,7914,7902,7898,7908,7914,7917,7910,7897,7901,7899,7899,7902,7915,7909,7916,7907,7899,7920,7910,7900,7906,7911,7913,7933,7919,7927,7940,7912,7915,7917,7924,7936,7916,7937,7936,7930,7932,7931,7925,7929,7945,7931,7940,7946,7947,7968,7957,7931,7949,7946,7956,7943,7954,7941,7961,7936,7941,7947,7935,7942,7934,7926,7936,7934,7918,7922,7911,7932,7918,7917,7924,7895,7920,7918,
7910,7925,7909,7904,7902,7910,7916,7883,7912,7904,7908,7913,7896,7909,7890,7909,7919,7902,7906,7918,7911,7903,7909,7910,7917,7903,7903,7910,7897,7914,7925,7930,7928,7895,7916,7914,7908,7928,7916,7929,7921,7922,7938,7914,7914,7929,7948,7932,7923,7945,7966,7967,7972,7957,7958,7938,7963,7949,7942,7954,7947,7925,7945,7958,7949,7953,7949,7940,7939,7939,7924,7920,7937,7909,7919,7921,7909,7905,7910,7902,
7931,7928,7906,7903,7902,7903,7916,7906,7926,7905,7929,7908,7901,7905,7893,7899,7917,7907,7905,7917,7915,7907,7906,7916,7907,7896,7896,7912,7911,7932,7912,7939,7938,7910,7915,7922,7899,7931,7905,7929,7926,7930,7932,7929,7929,7934,7942,7939,7945,7940,7971,8013,8020,8001,7989,7949,7992,7960,7950,7947,7962,7937,7939,7943,7942,7946,7945,7949,7943,7936,7922,7926,7936,7918,7941,7916,7926,7912,7921,7925,
7910,7922,7910,7900,7901,7890,7906,7891,7909,7906,7931,7912,7901,7906,7900,7896,7903,7898,7908,7887,7918,7896,7904,7917,7912,7890,7905,7908,7902,7917,7904,7912,7925,7900,7926,7917,7920,7926,7918,7917,7931,7923,7919,7927,7931,7934,7945,7937,7933,7941,7983,8035,8064,8051,8048,7979,7992,7977,7966,7946,7962,7939,7938,7955,7945,7956,7961,7943,7941,7941,7914,7926,7925,7943,7927,7930,7951,7927,7939,7920,
7896,7924,7913,7922,7904,7910,7922,7878,7919,7899,7911,7904,7910,7903,7897,7905,7909,7903,7908,7908,7918,7909,7917,7911,7923,7906,7904,7908,7900,7933,7922,7916,7928,7912,7921,7928,7913,7925,7911,7929,7932,7930,7936,7926,7945,7931,7935,7931,7954,7938,7965,8023,8059,8073,8088,8049,8026,7980,7957,7954,7960,7940,7955,7955,7945,7956,7951,7942,7947,7933,7918,7941,7929,7932,7936,7925,7945,7923,7933,7923,
7905,7911,7892,7907,7904,7911,7915,7907,7916,7913,7918,7918,7904,7907,7886,7908,7917,7897,7918,7916,7920,7899,7912,7924,7911,7905,7898,7914,7906,7937,7932,7930,7925,7910,7916,7912,7907,7933,7923,7925,7928,7926,7925,7923,7923,7935,7941,7941,7956,7950,7956,7988,8027,8063,8085,8082,8102,8025,7981,7961,7969,7955,7956,7965,7974,7940,7946,7949,7957,7930,7922,7935,7913,7944,7941,7924,7941,7940,7926,7933,
7908,7922,7910,7904,7906,7902,7916,7902,7914,7922,7944,7904,7909,7898,7902,7913,7906,7910,7916,7905,7913,7912,7909,7928,7918,7916,7899,7908,7921,7917,7924,7911,7917,7910,7917,7937,7908,7920,7919,7923,7933,7923,7940,7936,7923,7935,7951,7940,7945,7944,7970,7962,7991,8041,8085,8064,8106,8090,8064,8004,7983,7966,7949,7974,7978,7961,7954,7948,7944,7940,7935,7926,7926,7935,7952,7945,7953,7922,7939,7907,
7906,7926,7924,7894,7904,7924,7936,7921,7917,7898,7918,7897,7911,7902,7901,7913,7910,7909,7909,7893,7912,7900,7893,7929,7916,7901,7902,7904,7896,7925,7928,7924,7933,7905,7914,7938,7913,7937,7917,7925,7935,7931,7935,7923,7937,7923,7939,7941,7948,7937,7949,7977,7969,7992,8039,8066,8123,8113,8081,8036,8003,7974,7962,7969,7971,7974,7944,7961,7958,7936,7926,7934,7924,7928,7937,7925,7920,7917,7922,7924,
7892,7922,7915,7893,7910,7916,7920,7912,7910,7904,7926,7910,7915,7903,7891,7914,7915,7913,7908,7894,7900,7905,7905,7918,7905,7921,7897,7901,7926,7931,7899,7925,7922,7912,7914,7924,7909,7919,7927,7916,7924,7939,7941,7926,7943,7927,7950,7935,7935,7957,7948,7963,7975,7974,8009,8038,8119,8101,8088,8063,8056,8020,7990,7999,7986,7983,7963,7950,7955,7974,7952,7929,7928,7926,7934,7917,7922,7925,7933,7926,
7900,7919,7905,7905,7899,7904,7905,7900,7920,7903,7920,7904,7905,7885,7890,7900,7923,7896,7915,7903,7917,7896,7889,7917,7921,7913,7897,7923,7915,7926,7920,7935,7927,7926,7919,7923,7914,7930,7917,7931,7936,7930,7927,7925,7932,7926,7949,7937,7940,7947,7967,7986,7973,7980,7979,8004,8091,8089,8084,8047,8069,8050,8024,7987,7997,7964,7967,7967,7974,7942,7930,7935,7916,7942,7913,7912,7912,7919,7912,7913,
7897,7912,7901,7909,7900,7884,7929,7893,7918,7907,7931,7909,7905,7907,7886,7901,7901,7906,7909,7905,7897,7901,7914,7914,7915,7883,7905,7906,7923,7933,7926,7929,7915,7908,7913,7929,7923,7927,7919,7916,7934,7940,7926,7939,7930,7926,7959,7942,7949,7944,7973,7965,7975,7981,7990,7993,8063,8085,8064,8080,8068,8050,8039,8030,7989,7980,7956,7969,7961,7951,7939,7916,7933,7929,7922,7920,7943,7914,7895,7881,
7914,7914,7910,7911,7894,7901,7926,7893,7935,7898,7930,7899,7910,7893,7896,7911,7912,7897,7898,7919,7903,7906,7898,7921,7911,7901,7905,7893,7919,7921,7922,7929,7930,7911,7917,7943,7912,7927,7923,7922,7931,7944,7945,7928,7935,7927,7942,7941,7943,7942,7960,7975,7980,7977,7996,7987,8062,8073,8086,8061,8076,8068,8064,8066,8029,8007,7980,7967,7972,7973,7940,7944,7942,7932,7930,7918,7930,7916,7915,7910,
7921,7910,7896,7905,7873,7904,7930,7903,7908,7910,7932,7891,7895,7885,7903,7906,7907,7909,7912,7899,7909,7902,7899,7908,7909,7913,7904,7914,7899,7935,7927,7908,7931,7925,7891,7927,7914,7932,7930,7923,7934,7935,7932,7935,7938,7936,7953,7945,7961,7947,7956,7987,7972,7977,7991,7996,8086,8097,8082,8067,8082,8067,8068,8080,8058,8030,7988,7978,7978,7967,7936,7954,7938,7941,7936,7933,7930,7939,7898,7893,
7914,7898,7927,7906,7939,7902,7920,7895,7925,7926,7942,7906,7898,7883,7890,7912,7914,7908,7908,7907,7923,7896,7898,7919,7910,7913,7902,7916,7915,7922,7922,7925,7932,7916,7914,7940,7921,7912,7919,7940,7940,7933,7937,7932,7940,7929,7954,7947,7951,7952,7965,7990,7976,7974,7997,8003,8084,8100,8103,8085,8087,8080,8078,8071,8069,8056,8028,8006,7977,7986,7940,7970,7959,7959,7945,7945,7938,7899,7893,7904,
7909,7901,7893,7919,7894,7890,7922,7898,7921,7902,7915,7915,7909,7875,7901,7904,7918,7913,7904,7904,7891,7889,7910,7922,7894,7905,7906,7914,7910,7932,7925,7925,7934,7912,7918,7933,7912,7928,7925,7923,7925,7950,7933,7943,7948,7930,7943,7939,7944,7958,7960,7986,7991,7983,8014,8040,8101,8111,8099,8096,8088,8099,8095,8106,8076,8089,8072,8031,8023,8039,8011,7967,7960,7943,7950,7948,7939,7944,7915,7908,
7901,7921,7908,7925,7916,7901,7917,7890,7925,7912,7938,7906,7904,7891,7883,7908,7903,7895,7910,7907,7910,7897,7916,7916,7923,7914,7904,7905,7918,7927,7907,7914,7942,7912,7924,7924,7924,7932,7923,7945,7931,7952,7938,7939,7946,7941,7954,7945,7958,7961,7970,7992,7981,7981,8021,8059,8115,8105,8097,8084,8098,8110,8098,8114,8106,8113,8092,8054,8060,8053,8017,7991,7954,7958,7960,7940,7926,7913,7918,7871,
7915,7899,7898,7895,7909,7897,7912,7887,7915,7919,7924,7910,7895,7898,7887,7908,7921,7903,7909,7923,7907,7921,7919,7922,7908,7920,7897,7912,7929,7918,7929,7914,7936,7905,7929,7934,7923,7935,7945,7934,7941,7945,7945,7943,7947,7941,7958,7943,7975,7943,7979,7991,7988,7994,8045,8051,8127,8109,8102,8100,8129,8132,8132,8137,8118,8109,8106,8098,8080,8074,8011,7999,7965,7959,7947,7952,7954,7916,7912,7904,
27.32,22.48,False,3,0,41,47,16,29,0,0,37,17,18,0,3,64,20,15