7848,7827,7836,7833,7852,7841,7851,7854,7848,7841,7848,7877,7853,7852,7867,7846,7876,7867,7853,7854,7850,7859,7871,7882,7895,7881,7893,7902,7875,7896,7899,7885,7896,7887,7876,7881,7891,7900,7894,7879,7884,7899,7879,7907,7888,7882,7895,7886,7901,7898,7890,7870,7875,7880,7882,7891,7881,7880,7884,7871,7844,7847,7846,7839,7857,7847,7859,7839,7846,7846,7852,7854,7857,7867,7852,7857,7864,7863,7881,7868,7872,7874,7884,7882,7892,7888,7887,7880,7885,7882,7888,7888,7873,7893,7885,7882,7897,7886,7882,7896,7889,7880,7881,7895,7892,7918,7890,7898,7873,7872,7880,7892,7902,7870,7884,7886,7878,7877,7872,7878,7835,7843,7846,7849,7833,7844,7840,7855,7832,7848,7849,7853,7867,7859,7870,7864,7870,7859,7858,7853,7873,7873,7878,7890,7871,7883,7884,7876,7876,7886,7875,7883,7884,7888,7894,7882,7894,7884,7878,7877,7873,7886,7885,7880,7897,7890,7895,7875,7906,7883,7882,7884,7891,7902,7893,7889,7897,7882,7877,7881,7838,7848,7836,7833,7841,7830,7829,7855,7848,7840,7863,7856,7865,7854,7867,7881,7860,7864,7864,7858,7869,7858,7859,7852,7870,7859,7857,7867,7872,7862,7870,7875,7897,7885,7883,7871,7867,7890,7895,7882,7882,7883,7895,7885,7901,7890,7898,7883,7881,7880,7872,7868,7888,7874,7871,7888,7886,7877,7866,7871,7845,7842,7829,7838,7861,7846,7854,7853,7879,7857,7865,7867,7876,7865,7870,7871,7883,7877,7860,7874,7872,7887,7877,7890,7891,7899,7896,7892,7899,7892,7897,7898,7884,7889,7906,7888,7903,7894,7900,7903,7912,7889,7896,7909,7901,7916,7909,7900,7893,7883,7896,7889,7888,7895,7906,7900,7904,7899,7894,7904,7844,7841,7847,7837,7850,7838,7845,7851,7846,7841,7848,7843,7857,7849,7855,7861,7865,7870,7871,7873,7872,7868,7870,7892,7898,7880,7878,7885,7899,7889,7893,7882,7882,7884,7886,7887,7865,7885,7886,7898,7900,7895,7898,7903,7888,7897,7890,7897,7892,7893,7897,7890,7891,7874,7878,7896,7909,7881,7879,7890,7858,7851,7855,7860,7853,7872,7863,7863,7871,7872,7864,7870,7887,7877,7886,7877,7879,7893,7876,7880,7880,7880,7888,7890,7881,7881,7887,7900,7895,7890,7904,7888,7895,7887,7891,7891,7893,7898,7896,7888,7897,7910,7900,7906,7913,7914,7912,7922,7909,7911,7897,7915,7906,7913,7918,7906,7898,7903,7902,7914,7851,7842,7863,7842,7857,7856,7847,7854,7853,7852,7853,7861,7857,7871,7856,7856,7871,7881,7862,7868,7898,7851,7882,7879,7886,7868,7880,7892,7887,7884,7884,7884,7888,7870,7877,7888,7893,7885,7892,7896,7889,7901,7887,7886,7884,7892,7896,7889,7889,7890,7892,7887,7901,7879,7893,7884,7888,7890,7883,7883,7839,7853,7843,7842,7823,7845,7850,7846,7839,7834,7856,7848,7861,7862,7861,7853,7864,7874,7847,7875,7862,7859,7869,7865,7882,7859,7869,7869,7867,7878,7882,7879,7879,7871,7855,7875,7876,7865,7881,7884,7879,7868,7862,7886,7891,7885,7869,7875,7883,7890,7877,7883,7868,7875,7881,7868,7885,7885,7876,7873,7847,7847,7850,7849,7866,7864,7867,7859,7867,7865,7860,7873,7874,7860,7882,7881,7877,7878,7877,7892,7887,7883,7880,7881,7874,7892,7888,7897,7884,7887,7874,7893,7887,7892,7895,7906,7874,7895,7894,7887,7904,7885,7894,7904,7897,7892,7894,7903,7900,7909,7889,7898,7895,7887,7901,7887,7893,7883,7903,7894,7846,7871,7865,7871,7866,7868,7865,7875,7874,7865,7874,7881,7875,7871,7884,7870,7871,7880,7883,7895,7871,7881,7873,7895,7897,7873,7881,7886,7891,7880,7900,7891,7900,7888,7887,7886,7893,7896,7899,7903,7904,7894,7900,7895,7893,7904,7902,7894,7890,7893,7888,7900,7893,7893,7904,7897,7892,7890,7884,7896,7841,7845,7852,7849,7871,7855,7861,7866,7866,7853,7852,7871,7869,7867,7881,7885,7871,7880,7881,7868,7880,7882,7879,7867,7897,7886,7893,7876,7882,7889,7884,7880,7903,7863,7880,7889,7892,7903,7891,7897,7889,7901,7900,7892,7901,7890,7897,7890,7887,7887,7884,7895,7901,7903,7900,7886,7895,7888,7887,7914,7855,7861,7835,7860,7854,7861,7851,7854,7870,7875,7863,7865,7877,7870,7878,7873,7884,7878,7885,7880,7880,7875,7879,7889,7883,7885,7875,7880,7887,7883,7877,7885,7885,7874,7883,7891,7893,7879,7888,7880,7888,7883,7885,7887,7888,7883,7875,7893,7889,7887,7897,7882,7879,7871,7883,7883,7884,7875,7898,7885,7851,7870,7866,7872,7874,7861,7874,7874,7871,7882,7864,7878,7877,7868,7884,7893,7896,7891,7883,7880,7890,7878,7883,7884,7892,7891,7897,7900,7891,7877,7891,7891,7905,7885,7903,7887,7895,7886,7905,7888,7891,7907,7888,7895,7903,7901,7897,7902,7885,7898,7904,7909,7893,7898,7890,7907,7889,7893,7893,7880,7894,7866,7877,7881,7885,7876,7887,7884,7877,7878,7880,7899,7888,7895,7902,7896,7897,7905,7891,7894,7907,7888,7884,7909,7896,7885,7898,7911,7891,7899,7900,7899,7890,7899,7901,7883,7901,7892,7905,7896,7902,7901,7906,7897,7893,7913,7892,7902,7903,7895,7889,7906,7912,7900,7899,7914,7916,7915,7907,7914,7841,7837,7858,7853,7860,7861,7859,7862,7873,7863,7870,7874,7865,7869,7883,7868,7873,7884,7875,7880,7873,7886,7878,7887,7879,7882,7871,7877,7883,7885,7888,7888,7863,7876,7874,7876,7886,7872,7871,7886,7898,7885,7890,7892,7880,7890,7883,7894,7874,7895,7893,7899,7887,7884,7892,7884,7883,7875,7876,7893,7863,7852,7840,7860,7853,7858,7857,7858,7868,7874,7865,7878,7875,7856,7876,7889,7883,7879,7884,7891,7871,7877,7886,7880,7884,7880,7888,7890,7885,7885,7892,7887,7884,7891,7880,7871,7881,7882,7887,7893,7885,7894,7882,7902,7885,7904,7883,7892,7896,7885,7890,7896,7889,7881,7887,7882,7897,7886,7878,7907,7870,7881,7873,7869,7869,7884,7872,7874,7873,7865,7883,7886,7876,7878,7900,7886,7883,7872,7878,7886,7877,7886,7881,7888,7887,7882,7897,7891,7900,7893,7895,7887,7887,7882,7893,7886,7892,7880,7882,7902,7887,7891,7908,7901,7889,7908,7893,7886,7884,7892,7887,7877,7890,7883,7887,7887,7897,7889,7889,7890,7855,7847,7855,7861,7867,7863,7872,7865,7871,7870,7880,7875,7860,7879,7876,7866,7874,7886,7864,7888,7887,7879,7881,7888,7891,7889,7879,7890,7883,7879,7882,7895,7886,7869,7897,7896,7896,7881,7895,7888,7894,7902,7907,7896,7885,7890,7906,7887,7889,7888,7889,7879,7880,7895,7895,7887,7901,7902,7882,7899,7882,7875,7875,7883,7878,7867,7873,7889,7878,7874,7876,7889,7883,7887,7887,7878,7874,7887,7884,7878,7887,7885,7887,7889,7896,7906,7892,7905,7896,7898,7908,7902,7892,7887,7896,7904,7903,7896,7897,7886,7905,7904,7906,7895,7915,7910,7892,7898,7889,7903,7902,7905,7902,7901,7905,7893,7901,7887,7895,7903,7878,7870,7877,7880,7879,7866,7883,7891,7883,7880,7884,7880,7883,7869,7886,7888,7884,7879,7884,7890,7890,7883,7883,7892,7896,7883,7887,7897,7903,7906,7899,7882,7894,7897,7885,7897,7893,7906,7903,7884,7907,7897,7907,7892,7900,7896,7898,7903,7896,7892,7888,7910,7904,7894,7899,7902,7900,7897,7905,7898,7865,7882,7883,7874,7881,7878,7882,7879,7879,7864,7889,7890,7896,7892,7886,7890,7899,7895,7892,7888,7900,7895,7897,7912,7905,7888,7901,7893,7905,7895,7906,7898,7913,7906,7901,7926,7906,7916,7905,7904,7909,7909,7904,7894,7905,7883,7907,7894,7900,7902,7897,7917,7898,7911,7913,7924,7893,7893,7888,7893,7882,7876,7865,7883,7877,7872,7873,7880,7884,7884,7870,7874,7887,7890,7877,7882,7903,7877,7886,7902,7885,7887,7898,7882,7900,7893,7883,7911,7909,7902,7898,7905,7912,7904,7904,7898,7917,7924,7903,7910,7905,7910,7900,7902,7900,7899,7911,7903,7888,7885,7893,7888,7894,7885,7897,7903,7900,7897,7905,7910,7866,7868,7855,7884,7871,7877,7878,7881,7864,7878,7874,7878,7869,7878,7877,7876,7886,7878,7883,7884,7882,7881,7883,7876,7884,7889,7900,7903,7895,7892,7890,7897,7900,7889,7889,7898,7912,7904,7899,7888,7891,7900,7883,7889,7898,7897,7889,7888,7887,7897,7901,7894,7898,7901,7887,7896,7873,7897,7896,7897,7872,7881,7859,7866,7864,7872,7865,7877,7883,7878,7877,7883,7890,7879,7881,7882,7882,7885,7885,7890,7878,7878,7908,7887,7897,7893,7883,7887,7889,7899,7892,7889,7890,7898,7894,7894,7902,7892,7882,7898,7898,7892,7898,7888,7882,7897,7893,7884,7887,7891,7884,7884,7872,7877,7872,7900,7894,7895,7896,7895,7880,7873,7872,7877,7858,7882,7878,7874,7880,7872,7876,7883,7881,7874,7878,7893,7886,7891,7892,7895,7886,7892,7889,7891,7903,7891,7915,7905,7906,7900,7908,7895,7902,7900,7906,7900,7895,7907,7903,7895,7889,7907,7898,7888,7887,7895,7909,7893,7887,7891,7889,7897,7896,7911,7886,7897,7905,7891,7901,7908,7879,7879,7876,7868,7883,7876,7864,7869,7885,7880,7899,7883,7879,7882,7882,7871,7902,7895,7905,7890,7901,7901,7903,7893,7901,7910,7901,7898,7902,7906,7910,7896,7893,7899,7906,7908,7904,7905,7902,7893,7881,7892,7892,7898,7892,7888,7905,7896,7903,7892,7902,7890,7890,7907,7907,7905,7895,7915,7904,7887,7871,7877,7878,7887,7884,7860,7880,7876,7889,7873,7882,7877,7874,7887,7882,7888,7896,7874,7889,7901,7885,7881,7893,7898,7904,7892,7897,7900,7901,7908,7905,7899,7911,7900,7906,7890,7887,7903,7898,7891,7886,7889,7886,7894,7886,7891,7883,7893,7897,7898,7898,7898,7887,7901,7899,7891,7905,7895,7900,7913,7871,7867,7868,7883,7863,7866,7869,7880,7871,7873,7883,7890,7875,7856,7880,7878,7886,7891,7887,7900,7911,7898,7908,7889,7887,7899,7892,7896,7903,7891,7916,7904,7899,7881,7897,7899,7890,7895,7898,7894,7897,7895,7887,7885,7907,7889,7884,7899,7901,7891,7891,7891,7902,7892,7909,7910,7905,7910,7906,7906,7882,7869,7878,7892,7884,7883,7881,7878,7902,7890,7891,7892,7894,7891,7887,7895,7885,7884,7899,7893,7892,7901,7893,7898,7903,7905,7891,7906,7908,7916,7899,7909,7899,7903,7908,7913,7911,7899,7917,7906,7904,7897,7894,7911,7910,7902,7899,7898,7898,7912,7893,7904,7902,7902,7892,7908,7921,7915,7904,7928,7882,7880,7874,7888,7888,7894,7881,7877,7879,7894,7868,7894,7877,7870,7880,7868,7875,7890,7879,7883,7903,7893,7900,7897,7903,7902,7884,7906,7903,7900,7892,7905,7894,7897,7888,7903,7906,7901,7902,7897,7876,7889,7889,7880,7892,7883,7883,7892,7897,7888,7899,7897,7901,7895,7898,7902,7891,7893,7889,7898,7867,7861,7867,7877,7869,7864,7866,7866,7855,7884,7867,7879,7876,7879,7882,7880,7890,7887,7885,7882,7898,7895,7905,7896,7902,7906,7885,7894,7880,7897,7889,7887,7901,7891,7907,7903,7903,7896,7900,7890,7885,7886,7895,7896,7900,7897,7895,7898,7906,7901,7897,7896,7890,7889,7885,7902,7910,7916,7883,7898,7867,7865,7879,7883,7894,7886,7883,7877,7889,7882,7881,7894,7880,7882,7877,7889,7896,7900,7892,7905,7891,7901,7906,7907,7895,7897,7899,7895,7906,7904,7900,7900,7898,7897,7895,7897,7902,7905,7901,7900,7898,7888,7897,7900,7885,7893,7900,7891,7903,7910,7909,7895,7898,7905,7896,7899,7912,7906,7916,7924,7871,7871,7863,7869,7880,7872,7881,7887,7877,7866,7864,7868,7878,7881,7872,7889,7886,7881,7892,7885,7883,7882,7897,7885,7898,7889,7895,7899,7896,7898,7890,7894,7900,7903,7900,7903,7906,7897,7891,7888,7883,7895,7890,7884,7874,7893,7886,7888,7889,7904,7899,7906,7902,7893,7893,7898,7895,7910,7906,7905,7888,7874,7885,7885,7884,7886,7884,7900,7894,7893,7893,7896,7897,7883,7893,7897,7903,7898,7894,7898,7918,7899,7908,7913,7897,7902,7899,7899,7896,7903,7902,7912,7908,7912,7900,7915,7913,7918,7897,7900,7908,7905,7908,7903,7903,7902,7914,7921,7900,7892,7920,7916,7902,7903,7916,7912,7909,7918,7923,7920,7876,7881,7878,7886,7877,7882,7889,7890,7878,7879,7882,7889,7882,7894,7881,7872,7888,7895,7900,7909,7891,7893,7892,7906,7899,7900,7902,7894,7909,7903,7895,7895,7899,7909,7905,7909,7901,7903,7897,7890,7887,7892,7896,7887,7905,7901,7895,7897,7903,7908,7893,7898,7896,7906,7904,7911,7913,7915,7918,7918,7890,7896,7894,7891,7895,7892,7888,7896,7904,7889,7893,7892,7892,7897,7904,7891,7909,7911,7915,7909,7910,7903,7917,7908,7901,7920,7907,7904,7907,7914,7923,7911,7914,7912,7915,7921,7913,7916,7914,7903,7909,7905,7901,7911,7902,7902,7919,7906,7924,7907,7906,7914,7909,7923,7913,7921,7933,7932,7954,7940,7883,7871,7870,7893,7862,7877,7875,7872,7886,7884,7875,7881,7881,7880,7891,7886,7878,7886,7882,7891,7895,7889,7891,7888,7893,7888,7891,7899,7894,7889,7890,7892,7893,7901,7884,7890,7882,7887,7889,7886,7895,7885,7887,7881,7891,7895,7904,7887,7878,7900,7893,7899,7887,7896,7904,7904,7912,7910,7925,7918,7893,7894,7900,7892,7893,7885,7889,7886,7892,7881,7897,7891,7891,7896,7893,7902,7895,7897,7892,7900,7902,7896,7915,7908,7907,7897,7906,7902,7909,7909,7904,7920,7905,7907,7918,7905,7895,7901,7911,7904,7916,7900,7901,7890,7903,7900,7909,7904,7910,7901,7912,7905,7926,7909,7920,7906,7932,7943,7978,7986,7877,7894,7889,7889,7888,7895,7891,7895,7880,7885,7883,7897,7897,7887,7893,7891,7903,7896,7906,7900,7903,7891,7902,7910,7897,7894,7907,7898,7906,7909,7902,7898,7906,7896,7924,7905,7902,7902,7894,7918,7908,7901,7910,7897,7905,7912,7904,7903,7900,7919,7896,7904,7916,7913,7913,7911,7920,7944,7983,8007,7906,7891,7888,7907,7897,7917,7914,7906,7908,7911,7910,7914,7907,7910,7897,7910,7899,7906,7901,7900,7911,7914,7918,7899,7907,7904,7920,7918,7912,7908,7914,7909,7934,7909,7911,7916,7916,7925,7910,7904,7899,7893,7895,7899,7917,7906,7892,7908,7902,7900,7912,7925,7910,7920,7910,7922,7926,7952,7997,8028,7913,7908,7889,7910,7921,7913,7917,7919,7939,7929,7920,7912,7901,7886,7891,7911,7911,7920,7908,7910,7909,7913,7909,7914,7923,7909,7921,7913,7931,7916,7917,7909,7934,7928,7917,7916,7909,7913,7922,7915,7903,7909,7907,7910,7913,7899,7922,7911,7916,7914,7911,7912,7910,7909,7926,7932,7937,7956,7991,8023,7902,7893,7898,7919,7923,7922,7923,7932,7920,7923,7928,7935,7899,7889,7886,7891,7906,7903,7899,7909,7893,7902,7895,7905,7909,7905,7914,7905,7904,7907,7897,7906,7907,7903,7900,7896,7899,7903,7898,7901,7915,7897,7916,7905,7900,7892,7900,7907,7898,7909,7914,7910,7921,7916,7926,7918,7928,7931,7962,7981,7928,7915,7904,7915,7934,7928,7944,7939,7942,7940,7941,7934,7911,7899,7878,7902,7895,7905,7899,7900,7908,7905,7908,7908,7920,7908,7907,7923,7914,7910,7917,7914,7903,7904,7913,7903,7899,7904,7910,7918,7894,7909,7902,7894,7904,7897,7904,7899,7918,7924,7913,7917,7906,7911,7926,7927,7937,7926,7936,7950,7908,7920,7906,7935,7932,7935,7938,7955,7947,7946,7948,7944,7907,7901,7911,7897,7913,7916,7902,7908,7898,7903,7914,7919,7920,7919,7916,7915,7924,7918,7906,7912,7916,7906,7901,7908,7915,7903,7895,7901,7902,7904,7906,7908,7897,7908,7917,7900,7908,7910,7907,7919,7906,7923,7919,7915,7932,7928,7941,7956,7913,7897,7905,7914,7927,7938,7930,7934,7943,7944,7944,7939,7900,7886,7903,7900,7909,7902,7906,7906,7903,7902,7906,7911,7903,7911,7917,7918,7925,7918,7916,7910,7914,7913,7904,7911,7919,7910,7909,7921,7908,7899,7905,7904,7890,7910,7898,7904,7908,7897,7905,7909,7910,7911,7919,7905,7914,7922,7936,7947,7912,7923,7920,7938,7935,7942,7961,7944,7950,7957,7943,7938,7906,7901,7895,7893,7906,7910,7911,7917,7900,7911,7910,7914,7903,7917,7912,7907,7913,7915,7907,7913,7917,7904,7917,7914,7918,7912,7904,7912,7907,7912,7908,7912,7912,7904,7905,7900,7914,7925,7908,7905,7926,7916,7914,7919,7931,7918,7939,7943,7903,7903,7919,7923,7920,7934,7935,7951,7957,7944,7953,7930,7908,7901,7894,7907,7909,7912,7918,7918,7914,7920,7921,7921,7926,7920,7909,7904,7918,7930,7912,7921,7915,7924,7917,7912,7914,7920,7912,7914,7911,7915,7917,7910,7909,7902,7919,7913,7918,7905,7911,7917,7922,7927,7928,7917,7927,7940,7944,7947,7902,7900,7903,7902,7928,7925,7935,7937,7936,7935,7913,7917,7890,7882,7889,7895,7888,7899,7916,7902,7915,7911,7915,7902,7913,7926,7908,7911,7909,7901,7902,7905,7916,7898,7917,7931,7909,7918,7905,7913,7902,7895,7910,7907,7889,7895,7908,7912,7908,7909,7903,7914,7910,7906,7921,7928,7909,7912,7938,7933,7911,7904,7902,7921,7914,7938,7932,7947,7950,7969,7953,7943,7919,7913,7899,7912,7906,7911,7921,7902,7909,7908,7912,7912,7910,7912,7911,7923,7913,7908,7926,7926,7913,7908,7920,7905,7920,7919,7908,7908,7911,7911,7909,7913,7909,7917,7919,7901,7919,7918,7916,7933,7929,7912,7929,7916,7924,7922,7929,7940,7868,7875,7874,7882,7899,7908,7919,7926,7940,7945,7926,7922,7896,7892,7878,7888,7898,7917,7899,7904,7900,7901,7903,7909,7903,7902,7906,7901,7902,7899,7905,7892,7898,7903,7901,7898,7915,7902,7895,7893,7899,7888,7897,7893,7907,7897,7900,7894,7891,7899,7908,7897,7882,7897,7905,7907,7918,7923,7924,7919,7897,7910,7894,7915,7893,7907,7913,7930,7936,7940,7938,7924,7914,7901,7912,7908,7911,7923,7912,7918,7922,7911,7922,7923,7919,7918,7920,7915,7929,7926,7913,7927,7922,7930,7920,7918,7911,7913,7908,7919,7916,7922,7915,7925,7926,7908,7909,7924,7908,7915,7911,7922,7914,7903,7920,7929,7932,7921,7932,7922,7915,7899,7909,7914,7917,7905,7915,7915,7924,7928,7926,7933,7922,7930,7922,7910,7910,7926,7915,7916,7931,7926,7926,7931,7926,7929,7920,7928,7921,7921,7927,7930,7928,7905,7929,7924,7923,7919,7904,7912,7918,7918,7929,7927,7934,7927,7929,7919,7922,7918,7924,7930,7913,7935,7944,7932,7939,7925,7918,7940,7886,7899,7888,7898,7912,7897,7921,7905,7920,7903,7905,7901,7906,7897,7906,7895,7914,7904,7898,7908,7916,7901,7925,7907,7908,7910,7922,7918,7921,7913,7917,7917,7915,7910,7908,7916,7911,7911,7901,7905,7903,7917,7918,7914,7917,7907,7914,7910,7909,7899,7903,7904,7910,7910,7922,7912,7921,7914,7923,7916,7907,7888,7912,7909,7893,7896,7895,7907,7902,7913,7912,7891,7890,7909,7880,7909,7904,7912,7908,7903,7916,7915,7906,7914,7920,7924,7907,7909,7931,7908,7912,7931,7919,7910,7918,7907,7906,7907,7901,7902,7925,7922,7911,7908,7906,7905,7910,7906,7917,7896,7900,7911,7906,7899,7919,7912,7920,7915,7905,7930,7902,7882,7897,7891,7909,7907,7914,7907,7899,7911,7909,7905,7909,7909,7910,7901,7903,7920,7904,7919,7910,7909,7916,7916,7918,7916,7915,7928,7917,7926,7916,7921,7917,7926,7912,7922,7910,7919,7917,7917,7902,7911,7915,7915,7909,7920,7898,7915,7902,7920,7906,7910,7918,7925,7921,7918,7922,7914,7920,7928,7898,7903,7903,7893,7906,7902,7908,7903,7896,7909,7903,7912,7909,7893,7900,7899,7919,7919,7904,7925,7922,7921,7927,7923,7928,7921,7919,7932,7926,7924,7918,7930,7916,7920,7926,7925,7911,7924,7926,7914,7932,7917,7924,7919,7919,7926,7913,7920,7926,7929,7933,7902,7930,7915,7932,7921,7924,7923,7923,7919,7900,7895,7902,7900,7895,7899,7894,7906,7901,7905,7901,7894,7907,7902,7920,7913,7902,7915,7913,7911,7908,7919,7909,7904,7917,7915,7919,7923,7922,7919,7925,7935,7930,7911,7928,7913,7915,7934,7933,7921,7907,7899,7905,7923,7918,7917,7916,7912,7905,7896,7901,7900,7913,7903,7910,7914,7914,7901,7905,7910,7888,7895,7907,7888,7900,7906,7904,7908,7909,7902,7887,7907,7907,7913,7919,7908,7904,7908,7919,7936,7933,7920,7931,7928,7929,7926,7933,7929,7929,7930,7938,7918,7933,7939,7912,7924,7936,7918,7926,7923,7916,7924,7919,7911,7920,7929,7920,7914,7920,7913,7922,7917,7907,7931,7938,7906,7932,7923,7904,7930,7873,7863,7884,7902,7893,7884,7885,7905,7891,7898,7919,7903,7893,7886,7900,7899,7891,7907,7901,7917,7909,7909,7927,7918,7923,7925,7919,7920,7914,7919,7923,7921,7918,7914,7938,7919,7922,7927,7919,7908,7917,7918,7907,7911,7921,7912,7898,7897,7918,7901,7913,7906,7899,7909,7914,7897,7919,7909,7915,7909,7893,7901,7885,7903,7889,7911,7888,7885,7906,7899,7903,7903,7915,7918,7912,7918,7918,7909,7921,7920,7907,7922,7928,7920,7934,7931,7922,7926,7926,7936,7931,7938,7924,7920,7931,7938,7922,7930,7925,7935,7921,7914,7914,7926,7914,7916,7925,7910,7925,7927,7920,7924,7933,7917,7928,7906,7922,7917,7925,7915,7884,7885,7886,7905,7904,7892,7892,7895,7906,7901,7912,7903,7909,7913,7902,7903,7915,7914,7906,7933,7908,7909,7919,7927,7917,7930,7918,7922,7927,7926,7929,7933,7914,7922,7926,7931,7942,7921,7915,7921,7914,7905,7925,7906,7907,7912,7911,7911,7916,7915,7922,7920,7908,7912,7918,7910,7903,7924,7912,7908,7898,7909,7908,7894,7899,7888,7908,7905,7908,7903,7899,7906,7924,7908,7909,7922,7923,7924,7914,7931,7917,7926,7932,7935,7934,7933,7923,7923,7932,7923,7924,7938,7940,7941,7926,7950,7927,7928,7927,7931,7926,7926,7922,7928,7913,7920,7920,7925,7924,7931,7928,7932,7930,7910,7921,7911,7920,7937,7922,7918,7877,7887,7897,7890,7914,7908,7898,7910,7907,7910,7907,7910,7911,7906,7903,7909,7907,7922,7909,7902,7913,7910,7928,7931,7927,7935,7942,7938,7926,7962,7945,7934,7942,7924,7939,7939,7924,7924,7924,7944,7924,7917,7923,7912,7926,7914,7912,7906,7928,7914,7905,7924,7908,7908,7917,7899,7912,7918,7922,7921,7892,7878,7895,7870,7881,7894,7883,7889,7881,7899,7884,7898,7889,7906,7912,7910,7910,7913,7915,7910,7920,7912,7926,7934,7940,7943,7927,7927,7930,7942,7933,7944,7940,7937,7927,7923,7926,7922,7921,7916,7925,7920,7916,7917,7914,7911,7923,7900,7921,7911,7916,7906,7902,7908,7912,7902,7906,7913,7895,7915,7888,7889,7875,7884,7885,7882,7893,7892,7910,7900,7894,7897,7887,7893,7899,7901,7901,7906,7921,7919,7920,7923,7925,7939,7926,7932,7929,7945,7934,7929,7938,7947,7940,7923,7928,7924,7938,7930,7928,7926,7925,7923,7928,7916,7935,7927,7926,7914,7913,7913,7914,7910,7919,7913,7895,7895,7915,7905,7916,7906,7877,7873,7883,7880,7904,7892,7896,7899,7886,7888,7902,7909,7893,7909,7910,7904,7912,7928,7912,7920,7923,7927,7920,7932,7932,7936,7932,7934,7939,7938,7956,7946,7939,7941,7947,7957,7946,7934,7923,7935,7930,7927,7943,7938,7939,7919,7931,7912,7913,7917,7915,7914,7908,7912,7908,7894,7918,7923,7897,7899,7891,7896,7886,7887,7884,7887,7901,7899,7903,7894,7907,7909,7909,7911,7920,7905,7921,7901,7908,7923,7916,7933,7912,7916,7933,7916,7939,7937,7936,7934,7941,7947,7936,7939,7946,7950,7946,7939,7940,7936,7937,7927,7938,7929,7936,7924,7917,7928,7913,7916,7908,7913,7918,7901,7895,7896,7915,7913,7904,7913,7890,7881,7879,7894,7889,7898,7902,7889,7906,7906,7898,7907,7921,7915,7914,7915,7915,7910,7913,7925,7916,7919,7935,7930,7932,7943,7934,7936,7938,7941,7944,7950,7939,7943,7945,7953,7967,7943,7940,7926,7935,7944,7932,7915,7923,7914,7928,7905,7909,7925,7904,7920,7904,7894,7911,7913,7905,7903,7900,7889,7876,7880,7899,7882,7895,7889,7898,7894,7892,7891,7904,7908,7898,7897,7917,7915,7916,7923,7926,7936,7940,7927,7936,7932,7941,7927,7940,7943,7958,7948,7949,7951,7961,7954,7953,7971,7972,7963,7944,7942,7932,7942,7919,7924,7918,7927,7904,7900,7902,7916,7892,7914,7890,7886,7916,7912,7895,7884,7900,7910,7887,7891,7897,7901,7885,7895,7896,7889,7898,7898,7900,7893,7914,7891,7907,7918,7928,7921,7931,7931,7926,7921,7930,7940,7930,7933,7953,7940,7958,7951,7960,7975,7971,7972,7963,7992,7995,7976,7966,7952,7951,7927,7928,7933,7919,7924,7916,7940,7922,7899,7914,7906,7918,7891,7912,7910,7921,7902,7922,7902,7878,7879,7880,7895,7886,7890,7889,7903,7896,7897,7903,7903,7907,7913,7913,7919,7923,7926,7907,7912,7931,7925,7945,7944,7946,7945,7944,7955,7967,7976,7967,7986,8020,7998,7982,8017,8057,8016,7963,7959,7942,7941,7941,7937,7920,7919,7920,7916,7908,7911,7910,7920,7910,7891,7909,7912,7892,7905,7892,7917,7872,7888,7882,7872,7880,7881,7894,7885,7905,7906,7902,7912,7907,7921,7927,7906,7933,7951,7920,7934,7939,7959,7950,7944,7939,7938,7940,7958,7957,7966,7967,8011,8067,8048,8000,8060,8089,8002,7981,7953,7949,7950,7941,7942,7936,7918,7908,7918,7933,7924,7902,7908,7917,7915,7909,7918,7908,7895,7910,7913,7880,7882,7869,7882,7892,7890,7912,7891,7909,7898,7893,7910,7912,7907,7905,7926,7939,7929,7937,7946,7935,7934,7929,7946,7943,7951,7941,7959,7963,7972,7979,8013,8060,8124,8043,8042,8108,8043,7990,7969,7961,7939,7938,7943,7943,7923,7924,7928,7908,7917,7921,7914,7894,7900,7922,7903,7902,7895,7905,7911,7890,7901,7873,7902,7909,7908,7913,7909,7906,7914,7903,7910,7910,7919,7923,7940,7931,7946,7956,7950,7944,7960,7963,7961,7955,7945,7974,7969,7972,7981,7989,8000,8048,8151,8077,8049,8141,8116,8029,7987,7962,7960,7941,7954,7958,7928,7923,7914,7930,7909,7914,7923,7895,7931,7908,7919,7922,7919,7899,7920,7847,7851,7871,7890,7895,7873,7894,7889,7900,7899,7899,7897,7906,7908,7909,7920,7925,7923,7937,7950,7966,7962,7956,7962,7951,7938,7940,7957,7968,7966,7969,7984,8061,8137,8113,8058,8111,8091,8054,7994,7979,7957,7916,7943,7936,7931,7925,7910,7926,7913,7912,7891,7904,7911,7896,7893,7897,7894,7883,7900,7874,7873,7875,7880,7892,7897,7904,7900,7885,7897,7908,7921,7908,7917,7926,7942,7927,7938,7936,7967,8016,7981,7977,7967,7993,7981,7962,7981,7979,7975,7998,8005,8086,8129,8149,8066,8084,8066,8067,8035,8034,7993,7958,7945,7918,7943,7933,7926,7919,7929,7918,7904,7891,7897,7901,7920,7907,7910,7907,7905,7870,7862,7870,7841,7883,7879,7898,7881,7874,7875,7893,7899,7892,7898,7929,7920,7926,7938,7956,7960,8013,7979,7977,7988,7989,7982,7946,7972,7973,7986,7988,8023,8044,8057,8082,8074,8061,8056,8047,8075,8060,8019,7977,7973,7941,7932,7934,7934,7924,7922,7907,7901,7906,7909,7917,7916,7899,7902,7903,7889,7843,7839,7850,7879,7871,7872,7874,7883,7859,7869,7873,7888,7885,7899,7906,7911,7916,7921,7953,7981,8008,7963,7993,8013,7994,7966,7969,7967,7962,7975,8010,8022,8056,8052,8051,8068,8050,8073,8088,8092,8099,8058,7979,7959,7932,7931,7911,7910,7910,7896,7886,7895,7875,7877,7889,7885,7886,7901,7893,7864,7877,7837,7875,7877,7876,7878,7883,7877,7893,7889,7887,7897,7902,7911,7926,7924,7940,7949,7995,8006,8017,7992,8020,8051,8010,7982,7972,7971,7985,8014,8050,8056,8062,8076,8065,8059,8064,8078,8077,8077,8099,8083,8022,7976,7954,7936,7943,7899,7917,7918,7901,7887,7887,7895,7888,7897,7883,7895,7891,7875,27.25,22.57,False,0