7985,7974,8031,7986,7995,7997,7968,7974,7965,7992,7987,7987,7978,7981,7973,7991,7982,7988,7992,7998,8015,7999,7992,8011,7985,8014,7989,8004,8001,7999,8016,7995,8011,8007,8011,7996,8013,8017,8007,7998,8005,7993,7996,8012,7993,8029,8023,8024,8005,8014,8029,8005,8006,8015,8031,8010,8024,8017,8003,8014,8023,8034,8021,8006,8014,8033,8053,8037,8054,8031,8044,8020,8043,8055,8058,8059,8066,8046,8054,8039,
7959,7976,7994,7999,7980,7985,7974,7981,7965,7990,7988,7976,7999,7989,7967,7993,7987,7985,7996,7984,7997,8004,7991,7997,7980,8001,8005,8009,8006,8016,8005,8012,7998,8003,7991,7985,7991,8018,8002,7984,8006,7999,7995,8007,7984,8014,8021,7995,7992,8019,8016,7999,8008,8015,8020,8018,8014,7999,8022,7997,8013,8026,8013,8007,8009,8014,8033,8036,8056,8037,8042,8068,8041,8042,8065,8069,8065,8047,8059,8061,
7960,7971,7987,7982,7990,7995,7989,7972,7980,7980,7986,7973,7981,7972,7975,7999,7976,7994,7972,7991,8007,7987,8008,7994,7992,8002,8002,7991,8000,8005,7985,8002,8012,7996,8002,7993,8010,8002,8006,7994,8004,8000,7989,8012,8003,8022,8010,7994,8000,8020,8016,8012,8002,8005,8014,8018,8026,8016,8024,8013,8020,8022,8028,8018,8023,8045,8028,8029,8059,8041,8027,8041,8085,8078,8092,8091,8113,8066,8083,8074,
7983,7987,8008,8006,7956,7971,7992,7977,7961,7993,7978,7991,8004,7985,7988,7979,7980,7976,7992,7998,7997,7997,7999,7997,7999,8008,7987,8011,8007,7990,7995,8000,8016,8003,7998,7988,8003,7998,8014,7983,8008,7993,8003,8016,7995,8016,8014,8002,7994,7994,8020,8018,8010,8011,8024,8023,8042,8033,8011,8013,8014,8038,8028,8009,8014,8031,8054,8029,8071,8057,8058,8083,8137,8110,8139,8143,8143,8092,8059,8096,
7984,7960,7987,7978,7987,7993,7984,7996,7973,7987,7994,8000,7986,7984,7989,7989,7966,7990,7999,8002,8000,7993,8007,8009,7989,7993,8002,7998,7995,8003,7997,8007,8008,8004,7985,7997,8002,8019,8015,8000,8000,8011,7987,7998,7988,8012,8016,7991,8016,8011,8025,8006,7988,8003,8015,8025,8039,8023,8014,7997,8014,8047,8032,8025,8007,8035,8046,8028,8072,8076,8095,8130,8133,8159,8163,8169,8184,8111,8118,8109,
7963,7967,7989,7984,7990,7993,7987,7971,7984,8004,7996,7983,8009,7992,7995,8002,7995,7985,7996,7994,7992,7999,7998,8004,7978,8001,7999,7992,8001,8003,8012,8000,8016,8009,8004,8005,8006,8006,8005,7997,7994,8007,7997,8006,7998,8023,8018,7987,8006,8008,8025,8018,8009,8013,8017,8016,8034,8025,8015,8006,8005,8023,8039,8024,8029,8048,8053,8052,8079,8102,8129,8149,8140,8162,8161,8164,8178,8158,8149,8165,
7984,7984,7992,7982,7986,7995,7999,7984,7986,7986,7997,7996,7992,7992,7977,7991,7981,7996,7997,7998,7999,8001,7998,7996,7990,7997,8012,8008,8004,8009,7998,8004,8009,8007,7997,7999,8006,8006,8013,7985,8005,8017,7995,8004,7997,8018,8003,7996,8001,8005,8023,8015,8012,8004,8030,8034,8035,8015,8022,8013,8041,8033,8028,8026,8021,8045,8051,8037,8088,8128,8146,8153,8153,8168,8164,8169,8185,8151,8169,8167,
7980,7970,7973,7984,7975,7990,7994,7979,7972,8002,7998,7997,8004,7994,7980,7990,7961,7974,7992,7994,7993,7995,7989,8009,7988,7998,7991,8011,8003,8002,8004,8006,8004,7997,7996,7998,7995,8012,8008,8002,7999,7979,8001,8007,8000,8007,8004,7998,7996,8019,8027,8003,8021,8009,8033,8027,8030,8020,8018,8014,8012,8021,8049,8017,8033,8043,8063,8057,8105,8164,8144,8150,8164,8162,8164,8166,8175,8165,8189,8187,
7990,7997,8005,7984,7986,7994,8001,7988,7981,8007,8005,7997,8007,8002,7983,8009,7984,7990,7998,8002,8011,7999,8005,7990,7958,8012,7998,8003,8014,8018,8002,7989,8012,8008,8005,7984,8021,7999,8012,7996,8000,7999,7998,8003,7991,8016,8012,8004,8008,8005,8009,8009,8006,8019,8016,8019,8029,8016,8010,8008,8035,8041,8031,8034,8041,8053,8046,8077,8138,8172,8164,8143,8161,8151,8165,8160,8180,8174,8176,8175,
7986,7991,8005,7979,7980,7978,7983,7994,7971,8009,8014,7991,8004,8012,7993,7987,7979,7992,8002,7995,8004,8004,8007,7986,7971,8017,8000,8009,8009,8006,7995,8009,8012,8003,8001,7996,8016,8010,8026,7987,7998,8005,8015,8012,8006,8018,8023,7996,7997,8029,8006,7999,8013,8024,8023,8015,8032,8017,8025,8001,8025,8051,8042,8045,8030,8057,8079,8118,8151,8156,8135,8142,8139,8153,8143,8170,8165,8162,8159,8144,
7984,7988,7984,7997,7975,8005,7988,7989,7984,7995,8002,7989,8000,7990,7984,8002,7994,7984,8010,7996,8009,8009,7995,7991,7983,8007,8009,8011,8007,8002,7999,7990,7998,8011,8002,7986,8011,8004,8019,7992,7990,8003,7997,7999,8010,8022,8020,8011,7996,8017,8005,8007,8017,8017,8018,8016,8033,8012,8018,8027,8031,8025,8028,8025,8046,8065,8071,8144,8166,8163,8143,8131,8157,8156,8154,8139,8157,8157,8160,8143,
7998,7990,8014,7989,7989,7981,7984,7975,7971,8004,7992,7991,8018,7983,8004,7996,7985,7996,8002,7990,7995,7993,7986,7988,7987,8013,8010,7995,8015,7994,8002,8000,7999,7991,8000,8002,8007,8002,8023,7992,8005,7999,8018,8007,7981,8011,8015,7990,7985,8022,8025,8024,8010,8016,8033,8025,8041,8019,8013,8011,8046,8038,8039,8038,8063,8089,8119,8152,8168,8175,8139,8137,8137,8155,8153,8168,8165,8154,8148,8140,
7992,7982,7993,8004,7996,7998,8005,7993,7974,7996,7997,7996,8016,8004,7990,7995,7986,8000,7993,7996,8007,7995,8005,7981,7990,7995,8006,8004,8008,7993,8017,8000,8018,8016,8009,7994,8013,8013,8014,7986,8025,8009,8013,7998,8003,8012,8016,8009,8007,8030,8019,8015,8002,8020,8054,8025,8043,8018,8034,8026,8017,8041,8040,8049,8048,8078,8139,8157,8176,8185,8150,8141,8149,8150,8156,8173,8171,8122,8131,8149,
7998,7999,8012,8012,7994,8005,8002,7979,7974,7987,7992,7986,7981,7974,7997,7997,7988,8005,8008,8015,8015,8002,8010,8002,7980,8017,8000,7995,8012,8014,8006,8013,8009,8022,8018,8013,8010,8011,8022,7998,8003,8011,7999,8007,8000,8024,8007,8003,8000,8020,8025,8013,7992,8025,8020,8031,8034,8014,8021,8014,8042,8037,8059,8048,8062,8124,8175,8174,8180,8167,8147,8135,8151,8143,8136,8147,8144,8106,8135,8128,
7999,8005,7997,8021,8006,8015,7999,7995,7982,7999,8006,8003,7999,7989,7995,8014,7996,8003,8012,8015,8014,8011,7997,7996,7984,8006,8012,8005,8011,8002,8002,8006,8019,8004,8008,8001,8013,8006,8012,7997,8006,8014,8005,8005,7999,8021,8020,8017,8006,8015,8026,8002,8024,8021,8035,8030,8035,8016,8022,8014,8035,8037,8046,8067,8107,8157,8175,8175,8197,8183,8148,8143,8152,8142,8138,8156,8137,8136,8144,8116,
7985,8006,8018,8010,8006,8015,8005,8014,7997,8010,7990,8006,8004,8000,7984,8010,7983,7978,8011,7999,8011,7988,8007,8002,7982,8005,8011,7997,8015,7994,8003,8006,8015,8004,7986,8016,8021,8009,8011,8005,8012,8006,8011,8009,7997,8024,8021,8010,8005,8028,8003,8012,8007,8022,8024,8016,8040,8028,8018,8017,8022,8045,8052,8068,8139,8187,8189,8158,8177,8140,8105,8141,8147,8151,8147,8156,8141,8136,8125,8084,
7997,8030,8024,8009,8009,7999,8001,8003,8003,8003,8008,8007,8013,8004,8001,8000,8002,7999,8007,8028,8009,8021,8007,8005,8010,8000,7985,8004,7999,8014,8001,8017,8023,8022,8032,8002,8014,8018,8025,8008,8008,8023,8010,8011,8006,8026,8020,8012,8014,8022,8030,8009,8019,8033,8048,8034,8037,8021,8029,8024,8026,8052,8072,8078,8139,8171,8175,8158,8110,8108,8093,8129,8143,8167,8164,8135,8167,8116,8110,8047,
8004,8004,8031,8020,8009,8010,8014,8003,7992,8002,8006,8003,8004,7994,8008,7991,7981,7994,8008,8019,8008,8016,8000,8009,7987,8023,8018,8013,8014,8005,8014,8004,8021,8005,8010,8001,8025,8002,8030,8003,8020,8014,8008,8012,7996,8025,8034,8017,8026,8032,8019,8020,8032,8025,8040,8033,8062,8031,8032,8026,8033,8047,8098,8117,8097,8092,8093,8085,8083,8081,8088,8137,8141,8161,8156,8170,8120,8065,8075,8046,
7995,8021,8018,8020,8004,8026,8010,8002,7975,8006,8009,8000,8014,7989,7993,7997,8000,8008,8006,8010,8010,8003,8004,7995,7989,8002,8001,8004,7995,8001,8023,8008,8028,8013,8017,8013,8026,8016,8019,8014,7999,8027,8008,8017,8005,8028,8020,8032,8015,8023,8020,8008,8014,8016,8043,8038,8045,7994,8027,8028,8038,8051,8100,8108,8082,8075,8065,8067,8094,8082,8085,8129,8152,8179,8155,8112,8083,8035,8048,8035,
7984,8012,8019,8017,8015,8005,8008,8000,7993,8012,8007,7993,8010,8006,7994,8025,7994,7989,8017,8008,8010,7999,8011,8017,7998,8004,8014,8004,8001,8003,8010,8012,8018,8011,8021,8003,8017,8010,8019,8001,8009,8028,8011,8011,8008,8022,8030,8021,8016,8030,8025,8017,8024,8040,8041,8037,8050,8028,8038,8030,8032,8058,8090,8071,8060,8058,8058,8093,8100,8120,8115,8149,8154,8159,8132,8077,8070,8029,8047,8026,
7981,8021,8006,8025,7988,8022,8005,8002,7989,8019,8013,8014,8021,8012,8005,8004,8002,8009,8012,8006,8009,8017,8017,8014,7993,8011,8015,8012,8007,8022,8028,8014,8022,8011,8012,8017,8022,8018,8021,8014,8011,8021,8005,8022,8017,8040,8021,8008,8019,8028,8024,8027,8033,8034,8043,8038,8051,8022,8043,8027,8040,8042,8076,8038,8061,8065,8071,8112,8126,8130,8121,8144,8143,8150,8097,8080,8039,8029,8026,8021,
8009,8015,8012,8024,8008,8018,8013,8005,7996,8004,7994,8019,8009,8004,8012,7999,7997,7984,8010,8029,8014,8006,8017,8012,7995,8011,8005,8014,8009,8017,8019,8025,8022,8023,8019,8012,8028,8019,8024,8011,8015,8020,8001,8022,8010,8030,8018,8039,8024,8022,8032,8031,8024,8025,8037,8033,8053,8028,8032,8026,8034,8037,8049,8049,8037,8073,8081,8124,8117,8125,8106,8137,8157,8111,8063,8060,8063,8033,8044,8023,
8007,8017,8023,8028,8008,8010,8010,7999,8006,8005,8011,8011,8013,8022,7998,8018,7996,8007,8029,8018,8017,7996,8015,8015,7996,8002,8008,8005,8012,8023,8010,8024,8028,8015,8016,8009,8025,8016,8038,8012,8014,8027,8030,8020,8016,8033,8026,8027,8024,8034,8027,8018,8020,8052,8041,8039,8053,8030,8027,8026,8030,8042,8053,8034,8048,8073,8090,8132,8089,8086,8102,8110,8111,8090,8055,8066,8053,8027,8050,8031,
7995,8018,8020,8018,7999,8022,8011,8016,7993,8019,8009,8000,8011,8014,8012,8008,7994,8005,8020,8027,8027,7996,8016,8022,7997,8024,7996,8010,8001,8013,8009,8020,8028,8026,8022,8000,8017,8016,8018,8014,8015,8033,8019,8013,8003,8048,8033,8025,8016,8038,8028,8025,8020,8038,8052,8048,8055,8010,8035,8017,8044,8040,8061,8025,8031,8074,8081,8097,8065,8052,8049,8062,8041,8054,8032,8033,8034,8003,8019,8022,
8024,8008,8032,8021,8004,8017,8029,8008,8001,8002,8019,8011,8012,8010,8013,8010,8007,7997,8026,8032,8040,8030,8022,8016,8003,8012,8013,8018,8018,8030,8009,8020,8015,8013,8025,8009,8027,8029,8033,8017,8025,8036,8015,8032,8013,8035,8049,8034,8022,8027,8041,8015,8038,8039,8041,8046,8040,8018,8032,8010,8030,8047,8040,8030,8046,8042,8055,8044,8057,8038,8046,8032,8041,8042,8033,8047,8039,8026,8041,8007,
8012,8011,8024,8028,8007,8019,8013,8019,7996,8015,8008,8005,8006,8016,8017,8008,8021,8011,8036,8029,8050,8014,8037,8026,8002,8013,8015,8023,8017,8019,8013,8017,8043,8004,8005,8024,8023,8031,8035,8009,8028,8025,8021,8019,7999,8023,8020,8011,8022,8031,8029,8014,8017,8018,8040,8045,8033,8029,8044,8024,8025,8032,8021,8041,8032,8048,8054,8032,8062,8034,8027,8022,8040,8024,8018,8047,8025,8035,8042,8014,
8009,8010,8029,8023,8020,8014,8018,8009,8000,8005,8010,8003,8005,8023,8007,8023,8006,8010,8026,8028,8037,8017,8035,8021,8000,8008,8022,8017,8027,8024,8010,8019,8041,8027,8021,8013,8027,8026,8027,8015,8029,8023,8017,8015,8014,8023,8020,8015,8025,8022,8038,8030,8027,8030,8042,8043,8055,8023,8043,7999,8034,8038,8027,8017,8016,8049,8041,8038,8038,8042,8023,8021,8021,8039,8016,8042,8027,8008,8016,8012,
7999,8012,8019,8021,7997,8013,8023,8013,8001,7993,8019,8001,8010,8012,8007,8004,8007,8006,8012,8022,8028,8019,8025,8022,8001,8029,8019,8015,8018,8035,8016,8016,8025,8025,8018,8018,8012,8010,8026,8013,8018,8025,8005,8008,8004,8026,8018,8011,8022,8049,8034,8029,8025,8036,8029,8019,8033,8027,8034,8019,8034,8027,8010,8016,8016,8032,8029,8028,8046,8032,8015,8037,8036,8039,8018,8031,8026,8008,8026,8007,
8012,8023,8022,8025,8010,8007,8018,8006,7997,8001,8009,8006,8012,8002,8002,8008,8013,7998,8040,8026,8006,8006,8029,8008,8009,8008,8021,8020,8013,8017,8019,8017,8021,8012,8018,8028,8018,8016,8027,8016,8024,8018,8023,8004,8009,8017,8028,8020,8007,8010,8033,8009,8035,8027,8033,8033,8043,8033,8022,8025,8040,8030,8034,8009,8017,8028,8034,8018,8030,8033,8030,7999,8020,8034,8026,8026,8022,8010,8013,8015,
8007,8015,8038,8014,8002,8024,8016,8016,7996,8018,8026,8021,8016,8010,8014,8020,8013,8010,8033,8046,8033,8022,8031,8020,8009,8010,8016,8013,8035,8012,8010,8027,8034,8023,8024,8017,8020,8031,8031,8016,8020,8013,8014,8021,7996,8026,8019,8017,8017,8021,8032,8010,8011,8025,8035,8021,8049,8016,8036,8003,8019,8032,8015,8018,8030,8018,8038,8041,8043,8040,8030,8007,8031,8014,8029,8027,8008,8011,7992,8015,
8008,8019,8035,8019,8012,8005,8013,8008,8000,8017,8013,7996,8029,8005,8011,8006,8014,8011,8028,8037,8037,8024,8028,8015,8009,8016,8018,8008,8026,8039,8024,8021,8035,8025,8016,8018,8004,8029,8046,8017,8016,8026,8011,8004,8002,8037,8032,8029,8021,8019,8030,8010,8029,8028,8054,8030,8026,8014,8040,8016,8025,8040,8020,8027,8027,8040,8027,8032,8047,8031,8010,8011,8008,8017,8003,8012,7997,8022,8007,8022,
8019,8015,8021,8020,8009,8025,8015,8019,8013,8018,8023,8001,8026,8008,7984,8000,8001,8006,8024,8010,8024,8019,8008,8014,7999,8016,8008,8014,8028,8014,8029,8014,8038,8028,8012,8006,8013,8021,8033,8009,8019,8022,8024,8009,8016,8029,8024,8014,8023,8020,8024,8012,8016,8024,8036,8022,8032,8004,8021,8011,8017,8024,8028,8015,8016,8012,8023,8015,8027,8011,8014,7998,8005,8027,8014,8035,8020,7995,8016,7997,
7998,8005,8009,7997,8003,8013,8010,8025,8013,7999,8003,8013,8006,8019,8017,8011,7989,8000,8010,8008,8023,8005,8013,8004,8009,8005,8013,8001,8012,8017,8004,8004,8035,8013,8013,8011,8008,8026,8035,8006,8004,8019,8003,8017,7999,8027,8031,8022,8013,8014,8023,8013,8014,8026,8031,8029,8036,8006,8021,8017,8004,8016,8036,8008,8014,8040,8029,8029,8041,8020,8010,8008,8002,8026,7999,8009,8010,7992,7999,7994,
7990,8002,8020,8013,8016,8017,8004,8005,7994,8000,7996,7996,7999,8010,8001,8008,7999,8000,8000,8011,8014,8011,8014,8004,7990,8007,8018,8020,8006,8010,7998,8006,8014,8000,8019,8012,8011,8013,8019,7999,8015,8011,8011,8006,7998,8016,8029,8009,8012,8025,8028,8014,8012,8011,8037,8025,8024,8003,8029,8002,8019,8026,8022,7999,8013,8023,8019,8016,8019,8013,8003,7999,8010,8004,8014,8011,8002,7986,7996,7991,
8000,8002,8027,8009,7998,8025,8009,8003,7984,8001,7988,7987,7997,8004,7994,8010,8007,8000,8015,8004,8012,8016,8009,8000,8007,8013,8008,8014,8012,8012,8015,8002,8012,7999,8022,7999,8009,8020,8017,8001,8009,8014,8003,8008,8004,8020,8008,8013,8002,8015,8020,8001,8016,8016,8029,8030,8036,8022,8015,7999,8021,8022,8020,8006,8018,8028,8020,8011,8030,8023,8011,8005,7997,8020,7997,8008,8003,8000,8010,7986,
8008,8008,8015,8011,8014,8007,8010,8003,7987,8001,8001,8011,8014,8001,8004,8016,7981,8004,8011,7998,8012,8001,8006,8014,8002,8010,8000,8013,8019,7997,8001,8024,8021,7989,8018,8001,8006,8017,8025,7991,8005,8018,8011,8003,8000,8013,8012,8010,8009,8016,8023,7997,8007,8016,8045,8016,8019,8003,8012,8001,8018,8027,8018,8016,8007,8018,8023,8017,8015,8024,7998,8004,8009,8009,8006,8020,7997,7980,8001,7979,
8008,8015,8012,8002,8014,8012,8014,8007,8012,7997,8003,8007,8017,8002,7999,7988,7979,7991,7990,8002,8004,8013,8023,7993,7995,8014,8015,8003,7997,8009,8001,8006,8018,8007,8015,8004,8014,8019,8023,8011,8013,8001,8010,7994,7985,8001,8027,7996,7998,8027,8010,8021,8015,8004,8035,8010,8033,8013,8011,8001,7999,8014,8023,8013,8018,8017,8009,8004,8016,8015,8025,7978,8013,8014,7999,8007,8008,8010,8005,7997,
8015,8013,8027,8010,8017,8014,8011,8011,7999,8010,8008,8006,7994,8017,7984,8008,7996,7996,7999,8020,8015,8017,8007,7994,8003,8020,8004,8014,8000,8006,8009,8008,8019,7998,8002,8004,8005,8004,8029,8003,7997,8008,8016,8011,7998,8020,8011,8009,8003,8016,8010,8028,8003,8007,8026,8021,8029,8017,8013,7996,8024,8027,8017,8005,8004,8021,8006,8020,8020,8029,8005,8010,8010,8003,7991,8011,8003,7999,8008,7987,
7979,8002,8031,8014,7995,8017,8015,8011,7988,7998,8005,7992,8007,8009,7991,8004,8001,7990,8008,8009,8022,8001,8018,8006,7986,8008,8011,8022,8008,7997,8010,8009,7999,8002,8007,8006,8014,8019,8012,7991,8007,8007,8008,8003,7993,8010,8013,8002,8004,8018,8006,8015,8006,8014,8024,8015,8026,7989,8023,8004,8017,8015,8019,8021,8014,8013,8028,8014,8024,8023,8005,7992,8000,8008,8024,8016,8000,7983,8004,8010,
8008,7998,8019,8011,8006,8000,8004,8015,7997,8001,8012,7988,8014,8001,7997,8004,7992,7981,7990,7990,8013,8003,8004,7989,7991,8006,8003,8005,7994,8000,8004,8006,8009,8000,8013,7991,7991,8000,8004,7991,7995,8005,8003,7999,7989,8006,8007,8001,8006,8011,8003,8007,7997,8005,8007,8016,8021,8001,8013,7992,8013,8011,8030,8004,7999,8012,8018,8005,8023,8015,7988,7984,7999,8000,8003,7985,8010,7983,8012,7988,
8005,8002,8028,8017,8003,8020,8009,8010,7998,8012,7992,8001,8005,7994,7998,7990,7986,7992,8002,8016,8018,7998,8010,7988,7974,8008,8000,8012,8010,7999,8015,7997,8009,7999,8013,7995,8021,7998,8015,7985,8007,8012,7997,8004,7990,8005,8023,7997,8002,8010,8021,7998,7999,8017,8031,8009,8015,7992,8010,7999,8008,7999,8008,7998,8012,8007,8015,8003,8016,8031,8011,7982,7994,8001,7995,8018,8000,7983,7995,8015,
7996,7999,8025,8010,8010,8022,8022,8006,7988,8005,7985,7988,8018,7989,7983,7992,7999,7998,8015,8003,8004,8032,8010,7997,7985,8005,8007,8020,8003,7996,8005,8000,8028,7994,8010,8001,8002,7996,8008,7995,8003,8012,8001,7996,7985,8017,7999,7986,8008,8009,8016,7997,7993,8019,8027,8024,8008,8005,8007,7997,8014,8013,7996,7983,7996,8017,8010,8010,8017,8013,8003,7986,8001,7989,7991,7996,8002,8000,7976,8002,
8010,8014,8026,8009,8008,8008,8019,8014,7983,8011,8004,8002,8003,7998,7987,7998,7990,8005,8007,8009,8008,8010,8000,7990,7985,8018,8012,8008,8001,8005,8009,8004,8017,7994,8005,8005,8023,8012,8014,7987,8013,8017,8003,7999,7975,8013,8012,7994,8008,8010,8000,8015,8008,8010,8009,8018,8019,7991,8006,8004,8003,7999,8019,8007,8010,8004,8012,8007,8031,8015,8001,8000,7992,7985,7983,7997,8008,7982,7975,8004,
8014,8011,8032,7996,7997,8012,8018,8002,7979,8003,7990,7991,8013,8006,7989,7990,7999,7986,8003,7996,8013,7992,8003,7989,7997,8015,7994,7998,8003,7998,8004,8004,8015,8002,7998,8007,8012,8008,8005,7982,7993,7999,8004,7989,7989,8010,8012,8005,7990,8011,8006,8001,7997,8001,8017,8002,8025,7995,8010,7992,8005,8009,8017,8011,7994,8010,8001,8005,8010,8003,8005,7983,7990,8004,7981,8002,7991,7978,7984,7983,
8001,8004,8030,7989,8000,8011,7999,8015,7996,8004,8010,7996,7988,7999,7996,7985,7992,7992,8001,8007,8014,8013,7998,8003,7996,8006,8004,8006,8018,8000,7998,8007,8019,8014,7996,7997,8007,8010,8016,7977,7994,7996,7997,8004,7991,8015,8002,7993,7997,7998,8015,8003,7994,8007,8016,7996,8016,8000,8008,7981,7990,7996,8014,7990,7975,8012,8006,7998,8023,8018,8003,7994,7992,7995,8006,7990,8006,7981,7972,7990,
7995,8006,8012,8004,8008,8019,8011,8015,7995,8007,7988,8000,8008,7983,7989,7997,7994,7986,8001,8002,8012,7998,8002,8007,7986,8018,8001,8012,8005,8009,7991,8010,8012,7996,7999,7996,7996,8009,8006,7984,8019,8008,8005,8005,7981,8007,8008,8001,7992,8008,8019,7999,8016,8015,8028,8020,8014,7995,7999,8007,8004,8006,8006,7989,7991,8012,8013,7994,8017,8007,7997,7979,7979,8006,7986,8010,7984,7970,8004,7984,
7989,8003,8018,8030,8008,8024,8006,7994,7999,8010,8007,8010,8014,7992,7989,8013,7996,7989,8019,8007,8015,8004,8003,7993,7993,8009,8012,8007,8011,8008,8010,8012,8015,8011,8014,7997,8015,8024,8017,7984,8010,8000,8008,8000,7999,8014,8012,7990,8000,8011,8004,8000,8000,8001,8012,8013,8009,7992,8012,8001,7997,8002,8002,8005,8001,7999,8016,7998,7995,8009,8006,7987,7995,7998,7972,7993,7998,7982,7976,7984,
7993,8007,8023,8008,8002,8019,8001,8010,7979,8009,7997,7990,8007,7980,7986,7995,7989,7989,7990,8011,8017,8007,7991,7990,7976,8004,8005,8008,8006,7991,8003,8001,8013,8002,7997,8008,7999,8005,7992,7983,8006,8015,8004,8000,7980,8017,8009,7991,8008,8003,8010,8008,8004,8009,8021,8006,8013,7997,8000,7985,7998,8006,8005,8011,7995,7997,8020,7996,8007,8009,7986,7978,7994,8000,7993,7994,7991,7980,7986,7998,
8008,8015,8026,7997,8008,8015,8014,8012,7993,7991,8003,8007,8007,8011,7997,8004,7991,7983,8006,8009,8019,7999,8004,8005,7992,8002,8008,8005,8016,8004,8014,7997,8027,7972,8010,7993,7999,8009,8016,7988,7992,7993,8005,8003,7989,8027,8010,7985,8005,8004,8013,7998,7994,8008,8015,8012,8033,8011,8003,7998,8008,8002,8000,8001,8008,8006,8007,8006,8032,8008,8012,7988,8005,8002,7999,7991,7982,7966,8008,7979,
7992,7995,8030,7984,8002,8007,8012,8013,8022,8003,7999,8017,8001,8008,8007,8003,7987,7974,7996,8004,8017,7996,8000,8002,7966,7995,7995,8003,8014,7986,8008,8003,8009,7989,8008,7983,7995,8008,8005,7977,8005,8007,7991,7996,7990,8013,8018,7991,8016,8011,8005,7983,7995,8014,8020,8010,8019,7996,7998,7993,7990,8013,8003,7991,7999,7996,7996,7995,8004,8022,7991,7994,8016,8018,7975,7994,7984,7965,7972,7977,
7984,7977,8023,7982,7988,7999,7998,8004,7993,8011,7992,8000,8010,7991,7988,7999,7988,7987,7995,8005,8009,7990,8011,7999,7990,7997,8000,8012,8013,7996,8002,7999,8013,7998,8008,7989,8007,8010,8008,7994,8010,7998,7994,7988,7993,8014,8008,8004,8000,8010,8016,7995,7982,7999,7998,8003,8032,8004,7992,7988,7999,8003,8001,7994,8009,8002,8003,8012,8016,8008,7985,7983,8001,7998,7980,7999,8002,7972,7975,7973,
7992,7999,8028,7981,7991,8003,8000,7989,7993,7999,7998,8010,7998,8004,7989,8005,7995,7996,8001,7991,8022,7990,7998,8006,7986,7997,7999,8002,7995,7987,8015,8005,8019,7994,7993,7989,8002,8001,8010,7993,8015,8011,8016,7996,7985,8015,8018,7993,8005,8005,8018,8001,8007,8003,8010,7996,8001,7995,8000,7989,7980,7997,7981,7990,7989,7999,8002,8004,8005,8011,7999,7979,7998,8001,7995,7985,8010,7969,7967,7966,
7993,7997,8014,7994,7987,7999,8010,8008,8002,7996,8001,7996,8001,7972,7997,7997,7991,7981,8005,7995,8018,8008,7996,7993,7985,8004,7995,8008,8007,7982,8001,7998,8013,7991,8002,7995,7995,8003,8015,7996,8001,8004,8006,7986,7975,8020,8010,7985,8006,8011,8016,7996,7990,8009,8027,8026,8020,8005,8008,7992,8007,7999,7996,7989,8002,8011,8003,7995,8009,7999,7981,7989,7985,7981,7985,7974,7976,7970,7979,7959,
7982,7989,8024,7992,7995,7990,8007,8010,7990,7993,7995,7997,8006,7994,7993,7985,7992,7980,7993,7999,7996,7997,8002,8001,7994,8005,8005,8019,8005,7987,8010,8008,8016,8005,8018,7993,8008,8015,8003,7985,8008,8005,7991,7988,7992,8023,8018,7999,8009,8009,8018,7985,8001,8008,8025,8011,8007,8005,7995,7998,7993,7991,7994,7996,7999,8002,7994,8007,8005,8019,7999,7971,7998,8002,7996,7974,8001,7983,7983,7964,
7980,7989,8001,7985,7990,8003,8010,8015,7983,8002,7995,8005,8012,7998,7996,7998,7988,7983,7996,7995,8001,8001,8001,8003,7987,8005,7992,8003,8012,7999,7999,7998,8012,8004,8006,7994,7999,7989,8004,7994,8007,8010,7998,8005,8009,8015,7996,7985,8001,8023,8018,7999,7986,8016,8008,8012,8014,7992,8003,8004,7997,8000,7993,7982,8005,8003,8004,7995,8015,7996,8000,7983,7984,7986,7980,7989,7996,7952,7972,7970,
7975,7977,8006,7975,7987,8005,8009,7991,7990,7991,8004,7998,8007,7999,7997,7984,7984,7997,7991,7993,8002,7998,7981,7984,7994,8006,7994,8005,7998,8000,7997,7994,8002,7999,8012,7988,7995,8004,8010,7998,7999,8005,8006,8007,7995,8023,8008,8002,7996,8009,7995,8008,7998,7997,8012,8009,8012,8008,7998,8003,8002,8004,7999,7985,7992,7986,8008,7999,8011,8000,7985,7992,7988,7990,7987,7986,7968,7972,7977,7940,
7971,7997,8028,7975,7987,8007,8009,8008,7996,8020,7986,8013,7999,8011,7996,8011,8007,7993,8002,7991,8025,7995,8010,7996,7980,8008,7992,8012,8005,7999,8001,8017,8007,7999,8003,7991,7999,8020,8008,7999,8008,8003,8001,8004,7992,8014,8000,7997,8010,8016,8014,8005,7997,8005,8007,8010,8021,8006,8005,7989,8002,8007,8002,7984,7981,7998,8003,8007,8002,8028,7981,7973,7982,7994,7997,8010,7973,7970,7988,7951,
7990,8002,8014,8006,7982,7998,8008,7987,7984,8006,7981,8014,8003,7982,7994,7998,8007,7993,8015,8000,8013,8005,8012,7998,7977,8010,8006,7999,8008,8005,7996,8007,8020,7996,8001,7989,8001,8016,8012,7996,8015,8013,8016,8006,7994,8016,8000,8005,7994,8014,8026,8009,8005,8000,8006,8000,8015,8004,8018,8008,8008,8010,7989,8003,8005,8010,8000,8006,8010,8003,7985,7983,7993,7988,7981,7994,7967,7967,7971,7958,
7964,7980,7992,7974,7975,8002,8020,8004,7985,8016,7991,7997,8018,7989,7985,7992,8008,7985,8002,7989,8022,7995,8011,8006,7977,8018,8017,7996,8008,7996,8009,8005,8005,8005,8019,7987,8012,8003,8010,7995,7995,8012,8005,8005,7994,8031,8015,8005,7992,8004,8034,8011,8002,8005,8015,8008,8011,8004,8001,7990,8005,8028,8001,7990,7995,8003,8010,7994,8019,8000,7982,7963,7974,7986,7989,7985,7982,7966,7981,7938,
7980,7968,7998,7992,7972,7990,8002,8002,7999,8028,7989,8006,7997,7993,7981,8009,7997,7978,8005,7987,7995,8002,7997,7993,7980,8007,8002,8006,7998,8002,8004,8009,8012,8010,8017,7988,7999,8011,8007,7992,8012,7997,7991,8004,7987,8024,8004,8013,8005,8015,8015,7995,8014,8002,8023,8019,8012,7995,8007,7999,7995,8005,8007,8009,7998,8016,7988,8004,8008,8018,7994,7979,7959,7981,7955,7979,7969,7952,7947,7952,
29.30,25.51,False,1,0,6,61,17,18