7993,7973,7975,7999,7992,8000,7991,8003,7982,8026,8002,8011,8027,8009,8020,8007,8018,8032,8023,8014,8010,8010,8022,8006,8016,8022,8006,8018,7998,8010,8019,8028,8008,8016,8014,8022,8013,8029,8036,8030,8022,8020,8022,8010,8047,8024,8015,8018,8006,8026,8025,8017,8014,8010,8030,8023,8027,8033,8021,8020,8021,8013,8042,8011,8033,8040,8033,8026,8021,8009,8022,8026,8018,8015,8017,8000,8014,8017,8022,8038,
7966,7980,7988,8024,7982,8005,8003,7993,7982,8010,8012,8013,8017,8011,8002,8004,7995,8013,8016,8013,8025,8006,8032,8009,8014,8009,8009,8016,8017,8001,8009,8034,8006,8020,8027,8017,8001,8037,8031,8018,8032,8024,8030,8016,8041,8027,8027,8020,8014,8026,8028,8031,8027,8017,8023,8026,8041,8033,8012,8032,8030,8010,8042,8027,8023,8029,8021,8024,8011,8007,8020,8019,8008,8027,8021,8031,7997,8015,8022,8027,
7974,8002,7995,8015,7994,8021,8013,8004,7992,8005,7995,8001,8015,8005,8001,8006,8009,8018,8020,8002,8024,8013,8033,8014,8018,8016,8011,8024,8002,8009,8015,8026,8013,8015,8016,8020,8012,8015,8030,8026,8022,8029,8023,8026,8036,8030,8024,8022,8008,8027,8039,8013,8026,8012,8031,8020,8056,8034,8030,8027,8024,8018,8043,8014,8020,8026,8014,8025,8015,8004,8022,8022,7998,8005,8025,8034,7994,8023,8011,8031,
7976,7993,7996,8021,7982,8015,8009,8004,7995,8006,8015,8010,8021,8000,8006,8008,8013,8016,8017,8014,8011,8014,8020,8008,8017,8012,8010,8012,8017,8014,8020,8020,8024,8015,8013,8024,8005,8028,8026,8031,8021,8018,8012,8029,8027,8046,8020,8018,8018,8022,8024,8013,8024,8020,8028,8013,8039,8031,8025,8039,8021,8015,8037,8016,8042,8035,8034,8034,8009,8006,8009,8016,8015,8023,8010,8034,8015,8020,8001,8025,
7988,8004,7995,8016,8006,8008,7993,7995,7989,8013,7993,8000,8018,7998,8023,8009,8016,8024,8013,8014,8012,8008,8011,8030,8002,8007,8018,8017,8015,8009,8011,8030,8005,8029,8019,8025,8012,8029,8028,8019,8025,8043,8018,8025,8018,8043,8027,8010,8026,8021,8023,8036,8025,8015,8030,8023,8028,8025,8026,8035,8017,8000,8047,8024,8021,8030,8026,8038,8015,7992,8008,8021,8018,8023,8019,8014,8008,8022,8026,8034,
7983,7996,7988,8015,8000,8005,8018,8009,7995,8011,8017,8002,8014,8006,7992,7994,8003,8020,8022,8013,8014,8003,8017,8023,8021,8015,8017,8009,8009,8005,8027,8031,8021,8034,8032,8026,8029,8038,8024,8016,8032,8007,8033,8023,8043,8033,8021,8020,8023,8020,8034,8024,8033,8007,8013,8020,8050,8041,8020,8043,8024,7999,8037,8028,8038,8032,8039,8024,8007,8013,8017,8033,8014,8024,8031,8027,8026,8015,8010,8027,
7988,8007,7996,8019,8012,8000,8011,8014,7990,8009,8014,8013,8016,7995,8009,8015,8008,8013,8008,8013,8024,8017,8021,8014,8011,8010,8004,8018,8001,8004,8019,8027,8023,8035,8020,8024,8008,8046,8035,8029,8038,8010,8011,8013,8042,8037,8018,8021,8014,8026,8028,8029,8025,8013,8024,8021,8050,8028,8024,8040,8013,8013,8032,8025,8031,8031,8025,8022,8025,7991,8023,8022,8007,8023,8014,8027,8005,8010,8040,8051,
7997,7995,7989,8020,7995,8010,8023,8010,7999,8018,8014,8005,8019,8017,8023,8003,8012,8019,8006,8015,8025,8009,8026,8033,8008,8020,8022,8033,8029,8015,8023,8034,8019,8045,8025,8019,8021,8038,8037,8030,8032,8030,8029,8019,8043,8031,8023,8020,8035,8033,8052,8036,8031,8028,8053,8044,8046,8052,8035,8044,8029,8009,8023,8033,8025,8046,8028,8018,8012,8002,8017,8030,8001,8013,8024,8020,8006,8013,8027,8047,
7994,8022,7983,8002,8000,8014,7996,7984,8005,8015,8000,8018,8015,8005,8015,8003,8021,8015,8015,8004,8029,8028,8036,8017,8017,8022,8021,8032,8028,8016,8017,8024,8010,8019,8025,8023,8032,8029,8030,8029,8037,8025,8026,8021,8043,8045,8048,8036,8025,8030,8045,8032,8029,8028,8039,8035,8044,8038,8013,8043,8036,8029,8036,8028,8034,8045,8008,8045,8022,8012,8029,8035,8003,8024,8016,8017,8020,8040,8024,8032,
7995,8004,7968,8019,7996,8012,8008,7995,8009,8015,8009,8008,8012,8009,8002,8003,8014,8013,8007,8015,8022,8019,8027,8026,8027,8026,8023,8015,8039,8037,8024,8030,8027,8030,8032,8039,8029,8041,8042,8019,8032,8022,8022,8041,8035,8038,8025,8020,8031,8045,8041,8031,8036,8027,8031,8049,8058,8047,8034,8032,8045,8035,8057,8027,8043,8035,8024,8023,8017,8009,8029,8032,8024,8011,8035,8022,8021,8027,8030,8041,
8000,8013,7989,8023,8007,8003,8012,8011,8006,8014,8013,8004,8021,8001,8008,8009,8008,8034,8015,8011,8032,8019,8034,8033,8015,8032,8023,8031,8022,8033,8039,8039,8023,8026,8034,8043,8025,8039,8049,8040,8043,8021,8027,8023,8040,8042,8044,8030,8027,8028,8054,8042,8041,8040,8029,8040,8056,8058,8029,8041,8040,8036,8032,8033,8039,8045,8029,8033,8024,8022,8036,8045,8023,8018,8026,8033,8032,8026,8017,8051,
8008,8024,7993,8024,8008,8015,8009,7996,8006,8009,8020,8013,8028,8016,8014,8023,8020,8027,8027,8013,8020,8032,8035,8025,8031,8031,8026,8029,8026,8031,8036,8047,8034,8028,8049,8033,8031,8042,8054,8046,8046,8031,8038,8036,8042,8042,8043,8039,8055,8043,8054,8039,8051,8043,8048,8046,8048,8050,8031,8049,8044,8044,8040,8022,8042,8038,8024,8043,8021,8011,8034,8039,8020,8024,8019,8036,8011,8036,8037,8032,
8010,8037,7992,8037,8004,8026,8008,8000,7994,8013,8017,8016,8028,8018,8005,8030,8035,8029,8027,8001,8022,8021,8043,8022,8023,8028,8021,8031,8033,8021,8028,8034,8038,8048,8048,8037,8035,8045,8044,8038,8044,8036,8035,8049,8052,8044,8046,8036,8062,8048,8063,8052,8044,8034,8039,8037,8069,8051,8047,8050,8042,8043,8051,8031,8038,8045,8034,8032,8024,8012,8039,8028,8019,8009,8028,8030,8017,8026,8023,8042,
8015,8037,8009,8021,8027,8034,8021,8005,8003,8016,8020,8026,8034,8009,8016,8008,8030,8023,8029,8020,8030,8023,8036,8022,8037,8038,8020,8034,8029,8041,8031,8041,8035,8048,8045,8047,8042,8056,8041,8053,8054,8037,8040,8046,8061,8057,8055,8038,8037,8053,8075,8043,8049,8048,8042,8048,8055,8047,8047,8046,8050,8032,8051,8034,8044,8047,8036,8042,8027,8016,8045,8049,8016,8025,8019,8032,8015,8037,8027,8038,
8010,8027,7986,8045,8015,8025,8024,8019,7999,8023,8017,8010,8012,8011,8019,8019,8018,8023,8012,8022,8033,8027,8040,8032,8031,8027,8033,8040,8038,8032,8045,8050,8025,8043,8036,8051,8029,8048,8052,8036,8048,8037,8040,8038,8060,8051,8050,8059,8046,8045,8073,8053,8054,8053,8055,8054,8062,8056,8048,8056,8050,8034,8054,8043,8043,8055,8039,8037,8032,8013,8025,8040,8018,8029,8033,8026,8007,8041,8026,8035,
8015,8035,7996,8034,8027,8029,8017,8016,8007,8020,8026,8024,8035,8023,8014,8023,8020,8037,8019,8038,8028,8039,8037,8028,8037,8032,8038,8057,8048,8039,8040,8040,8031,8047,8050,8036,8041,8052,8054,8059,8064,8048,8054,8054,8064,8068,8067,8051,8052,8065,8072,8058,8062,8053,8076,8059,8070,8067,8048,8061,8036,8034,8054,8057,8061,8062,8046,8040,8044,8025,8028,8062,8029,8031,8035,8031,8018,8023,8029,8045,
8018,8034,8032,8027,8021,8041,8012,8019,8002,8031,8020,8022,8048,8019,8025,8020,8032,8027,8036,8027,8046,8035,8048,8049,8049,8036,8031,8045,8024,8056,8045,8058,8047,8057,8049,8057,8055,8063,8071,8062,8063,8062,8062,8069,8054,8058,8064,8059,8053,8090,8077,8073,8089,8076,8090,8079,8082,8071,8048,8076,8047,8059,8058,8046,8059,8057,8055,8061,8036,8019,8034,8039,8024,8030,8034,8033,8009,8039,8040,8030,
8025,8034,8027,8028,8030,8035,8028,8009,8010,8029,8028,8013,8037,8024,8022,8025,8013,8031,8028,8037,8048,8037,8062,8035,8056,8045,8048,8043,8049,8058,8056,8065,8051,8062,8064,8071,8067,8082,8092,8071,8066,8069,8074,8074,8068,8084,8076,8065,8081,8090,8093,8091,8129,8129,8095,8103,8106,8086,8074,8070,8057,8049,8063,8051,8052,8051,8059,8045,8035,8023,8023,8023,8031,8021,8031,8038,8001,8022,8029,8054,
8025,8031,8008,8032,8021,8046,8025,8023,8005,8020,8040,8009,8036,8026,8035,8024,8025,8031,8047,8062,8086,8064,8071,8051,8060,8055,8055,8075,8066,8065,8071,8084,8067,8070,8069,8077,8076,8093,8100,8095,8088,8070,8078,8078,8079,8090,8092,8086,8090,8105,8097,8107,8166,8158,8171,8132,8112,8104,8082,8096,8069,8058,8073,8062,8063,8064,8039,8060,8041,8014,8035,8032,8024,8023,8029,8028,8028,8023,8020,8056,
8020,8042,8023,8046,8034,8039,8029,8027,8007,8042,8020,8017,8036,8028,8034,8033,8032,8039,8044,8065,8106,8078,8077,8064,8065,8076,8056,8069,8071,8077,8069,8088,8069,8078,8090,8091,8089,8097,8103,8101,8083,8081,8079,8089,8084,8103,8112,8105,8098,8103,8113,8121,8174,8194,8187,8174,8134,8123,8096,8100,8078,8078,8080,8060,8072,8056,8048,8055,8044,8028,8042,8046,8032,8029,8035,8029,8024,8031,8026,8043,
8018,8028,8029,8042,8031,8034,8017,8021,8009,8032,8035,8027,8051,8029,8036,8023,8037,8040,8041,8063,8095,8102,8130,8093,8103,8096,8092,8102,8092,8103,8110,8098,8079,8085,8094,8096,8096,8097,8106,8094,8103,8089,8088,8107,8091,8106,8113,8096,8113,8110,8126,8125,8147,8172,8187,8180,8176,8144,8122,8119,8082,8069,8085,8056,8066,8067,8064,8061,8059,8039,8051,8029,8024,8036,8029,8036,8022,8042,8026,8032,
8019,8036,8020,8042,8022,8037,8019,8020,8014,8034,8025,8024,8042,8026,8048,8026,8038,8038,8042,8058,8095,8102,8135,8123,8125,8126,8133,8149,8152,8164,8139,8137,8132,8117,8113,8122,8118,8127,8120,8116,8119,8099,8105,8106,8117,8118,8125,8117,8111,8126,8135,8140,8159,8164,8191,8199,8213,8174,8163,8150,8112,8087,8098,8076,8080,8061,8063,8049,8039,8034,8041,8040,8030,8038,8038,8029,8028,8029,8016,8043,
8020,8017,8020,8030,8024,8041,8028,8032,8021,8044,8030,8021,8032,8027,8022,8026,8043,8040,8050,8051,8080,8084,8110,8119,8129,8128,8160,8159,8163,8169,8166,8181,8169,8162,8174,8166,8175,8166,8160,8131,8127,8116,8118,8130,8137,8136,8142,8129,8121,8135,8150,8151,8159,8165,8189,8197,8204,8199,8182,8174,8139,8105,8103,8074,8091,8074,8052,8053,8045,8022,8042,8039,8031,8028,8029,8041,8016,8033,8016,8025,
8022,8040,8025,8030,8034,8030,8032,8027,8023,8031,8034,8030,8027,8024,8026,8028,8038,8056,8040,8050,8074,8081,8090,8094,8098,8130,8136,8157,8169,8172,8183,8189,8179,8181,8197,8208,8205,8200,8185,8170,8163,8156,8153,8156,8153,8149,8152,8148,8154,8169,8188,8193,8196,8201,8222,8215,8233,8209,8207,8214,8170,8136,8113,8084,8083,8074,8069,8058,8050,8031,8032,8043,8035,8032,8040,8053,8017,8023,8021,8016,
8026,8037,8039,8044,8025,8048,8046,8028,8019,8033,8033,8024,8047,8040,8017,8023,8025,8033,8036,8036,8057,8059,8089,8069,8080,8089,8103,8123,8142,8149,8169,8191,8182,8204,8215,8217,8223,8215,8203,8179,8185,8176,8170,8176,8171,8159,8175,8168,8179,8205,8231,8211,8215,8210,8231,8233,8222,8217,8232,8250,8164,8144,8133,8114,8086,8063,8068,8063,8053,8045,8047,8039,8028,8042,8027,8027,8034,8036,8027,8025,
8034,8031,8025,8035,8034,8045,8035,8034,8026,8035,8042,8022,8047,8037,8042,8032,8027,8048,8038,8050,8062,8054,8081,8068,8082,8087,8093,8103,8110,8126,8136,8170,8176,8195,8209,8220,8219,8221,8209,8196,8191,8194,8172,8189,8159,8175,8168,8189,8193,8210,8232,8228,8225,8220,8226,8225,8227,8218,8204,8233,8197,8177,8161,8111,8102,8076,8072,8061,8062,8042,8054,8050,8025,8033,8028,8045,8031,8027,8045,8029,
8054,8050,8037,8042,8036,8041,8038,8029,8034,8032,8040,8036,8045,8032,8015,8023,8037,8062,8044,8047,8059,8057,8075,8073,8079,8084,8099,8100,8092,8111,8139,8144,8152,8174,8192,8218,8223,8217,8214,8201,8212,8194,8185,8194,8178,8167,8188,8201,8202,8215,8238,8225,8249,8216,8221,8220,8216,8207,8201,8227,8226,8211,8215,8147,8122,8101,8071,8077,8058,8033,8059,8047,8035,8025,8029,8048,8015,8026,8027,8039,
8047,8035,8035,8047,8041,8058,8039,8040,8029,8037,8030,8019,8058,8041,8031,8034,8043,8039,8044,8033,8057,8064,8076,8078,8084,8086,8086,8093,8100,8112,8126,8143,8138,8166,8178,8185,8195,8217,8208,8213,8209,8180,8176,8196,8177,8182,8188,8198,8217,8225,8239,8223,8240,8225,8208,8218,8220,8206,8193,8219,8225,8232,8237,8188,8128,8106,8075,8075,8077,8038,8046,8052,8036,8030,8046,8042,8031,8039,8038,8052,
8043,8060,8043,8049,8031,8050,8030,8038,8014,8036,8038,8032,8028,8031,8038,8022,8048,8056,8043,8049,8059,8059,8081,8068,8084,8094,8098,8108,8108,8124,8132,8151,8136,8170,8170,8174,8161,8178,8211,8211,8212,8185,8178,8199,8182,8181,8204,8203,8204,8227,8229,8231,8238,8230,8223,8211,8221,8210,8203,8222,8238,8227,8237,8202,8136,8103,8073,8066,8058,8035,8050,8057,8039,8044,8035,8041,8022,8027,8025,8036,
8045,8049,8051,8045,8025,8049,8048,8035,8027,8045,8048,8030,8040,8045,8029,8027,8035,8048,8049,8040,8071,8067,8089,8094,8101,8103,8114,8113,8111,8128,8145,8147,8153,8174,8169,8177,8158,8180,8201,8205,8215,8191,8166,8191,8187,8187,8193,8195,8194,8203,8234,8227,8240,8226,8234,8219,8234,8229,8216,8224,8232,8203,8238,8188,8133,8103,8068,8067,8056,8042,8060,8053,8045,8042,8044,8054,8031,8043,8038,8036,
8043,8048,8034,8043,8031,8048,8023,8037,8021,8040,8036,8017,8046,8029,8027,8022,8027,8042,8044,8045,8063,8063,8097,8101,8115,8126,8130,8123,8118,8139,8154,8167,8161,8174,8181,8194,8179,8206,8202,8199,8205,8197,8175,8191,8187,8191,8183,8187,8184,8215,8223,8237,8247,8227,8228,8220,8238,8213,8210,8187,8167,8191,8234,8178,8123,8107,8072,8061,8049,8038,8053,8057,8042,8034,8040,8041,8020,8041,8037,8033,
8041,8045,8034,8048,8030,8046,8038,8030,8018,8037,8036,8021,8044,8028,8034,8029,8042,8042,8036,8054,8055,8067,8112,8126,8145,8159,8159,8131,8131,8146,8164,8177,8176,8184,8195,8192,8191,8212,8200,8195,8190,8183,8181,8196,8186,8174,8175,8180,8180,8204,8224,8226,8220,8224,8238,8234,8232,8212,8201,8197,8157,8183,8216,8148,8102,8095,8072,8065,8061,8038,8052,8042,8044,8063,8038,8036,8027,8047,8034,8047,
8032,8042,8029,8045,8045,8040,8046,8027,8016,8042,8060,8028,8041,8030,8040,8037,8038,8036,8043,8052,8063,8078,8113,8104,8130,8154,8144,8150,8141,8148,8160,8191,8175,8195,8202,8208,8209,8215,8198,8198,8200,8182,8171,8166,8172,8158,8158,8172,8199,8194,8212,8205,8205,8189,8216,8209,8224,8206,8188,8179,8157,8186,8205,8129,8123,8096,8079,8070,8066,8022,8050,8047,8025,8045,8039,8036,8022,8044,8030,8028,
8024,8040,8022,8037,8046,8040,8045,8034,8011,8039,8033,8028,8043,8041,8035,8026,8044,8032,8045,8040,8060,8065,8087,8077,8082,8111,8126,8150,8151,8167,8168,8175,8185,8184,8190,8194,8202,8207,8202,8203,8190,8167,8152,8148,8147,8141,8138,8138,8141,8152,8165,8159,8158,8167,8168,8179,8184,8189,8205,8199,8169,8191,8177,8102,8099,8093,8060,8061,8057,8031,8056,8059,8050,8040,8042,8034,8017,8032,8022,8036,
8015,8042,8043,8030,8038,8050,8048,8025,8041,8046,8023,8034,8036,8047,8034,8033,8042,8034,8039,8050,8054,8062,8072,8068,8078,8075,8091,8124,8130,8157,8182,8191,8175,8191,8198,8207,8189,8214,8201,8188,8174,8145,8144,8123,8123,8116,8104,8113,8110,8122,8135,8131,8121,8128,8143,8148,8156,8177,8190,8195,8194,8185,8167,8099,8093,8085,8059,8058,8048,8029,8042,8054,8047,8039,8048,8032,8036,8018,8022,8030,
8025,8039,8035,8041,8035,8049,8037,8049,8019,8045,8033,8042,8036,8030,8029,8030,8051,8049,8043,8039,8064,8058,8079,8065,8065,8078,8080,8109,8113,8152,8188,8186,8173,8195,8201,8214,8202,8208,8191,8177,8149,8121,8117,8110,8113,8116,8093,8100,8107,8106,8117,8111,8117,8111,8120,8122,8143,8151,8176,8205,8179,8175,8155,8098,8099,8081,8066,8057,8049,8026,8044,8040,8040,8040,8041,8048,8013,8018,8017,8034,
8025,8043,8026,8038,8026,8043,8033,8040,8026,8044,8029,8017,8042,8038,8028,8025,8048,8042,8038,8034,8048,8047,8088,8062,8058,8076,8083,8087,8081,8117,8145,8179,8171,8178,8186,8205,8193,8197,8175,8144,8117,8111,8099,8106,8095,8097,8096,8100,8097,8107,8113,8103,8122,8107,8127,8114,8125,8121,8133,8183,8176,8147,8139,8075,8080,8071,8061,8062,8055,8033,8060,8060,8040,8041,8028,8035,8019,8032,8031,8046,
8025,8030,8033,8049,8032,8050,8031,8024,8013,8046,8030,8036,8040,8033,8029,8039,8041,8029,8038,8050,8046,8041,8069,8063,8063,8063,8064,8087,8087,8095,8118,8125,8146,8171,8174,8189,8162,8161,8138,8108,8109,8111,8097,8099,8100,8094,8082,8090,8095,8099,8117,8084,8100,8095,8107,8099,8106,8127,8115,8141,8129,8104,8098,8082,8075,8070,8060,8059,8058,8024,8061,8050,8044,8041,8038,8052,8023,8031,8022,8027,
8038,8047,8026,8045,8031,8049,8040,8032,8017,8043,8037,8021,8038,8027,8039,8029,8038,8030,8032,8039,8053,8047,8078,8058,8064,8056,8059,8085,8058,8078,8089,8096,8102,8134,8149,8148,8116,8115,8100,8095,8088,8094,8085,8093,8084,8088,8081,8078,8082,8085,8094,8090,8086,8075,8084,8081,8103,8076,8087,8098,8077,8074,8091,8075,8070,8063,8053,8066,8051,8027,8040,8045,8040,8030,8039,8051,8023,8030,8034,8019,
8027,8041,8025,8041,8041,8047,8057,8025,8030,8050,8032,8044,8036,8036,8035,8026,8041,8037,8044,8039,8044,8055,8064,8059,8056,8054,8079,8068,8063,8074,8072,8085,8071,8097,8101,8101,8091,8097,8086,8093,8096,8076,8078,8085,8079,8078,8083,8073,8072,8070,8076,8069,8072,8068,8069,8076,8092,8086,8064,8073,8075,8060,8066,8054,8061,8057,8045,8059,8061,8022,8039,8036,8040,8050,8031,8045,8025,8030,8028,8026,
8034,8034,8034,8052,8032,8053,8040,8045,8033,8044,8035,8038,8035,8040,8038,8032,8037,8048,8036,8039,8036,8039,8053,8043,8055,8053,8050,8050,8049,8053,8069,8063,8060,8075,8078,8088,8070,8073,8082,8077,8075,8068,8059,8063,8067,8071,8061,8057,8063,8069,8073,8058,8077,8062,8074,8075,8077,8062,8070,8061,8055,8064,8075,8064,8057,8050,8040,8054,8046,8021,8037,8045,8032,8033,8046,8048,8026,8033,8031,8046,
8032,8037,8032,8040,8039,8043,8046,8028,8030,8052,8024,8035,8054,8048,8029,8023,8021,8042,8042,8038,8042,8048,8056,8054,8056,8052,8056,8058,8059,8064,8060,8076,8060,8052,8069,8062,8056,8065,8066,8078,8057,8072,8053,8070,8070,8063,8059,8050,8057,8054,8070,8062,8078,8044,8059,8066,8074,8057,8070,8058,8050,8050,8072,8042,8048,8056,8048,8045,8035,8032,8030,8036,8046,8044,8034,8033,8016,8028,8042,8036,
8035,8039,8038,8042,8026,8041,8035,8006,8038,8045,8033,8038,8041,8025,8021,8035,8025,8042,8037,8050,8038,8049,8045,8047,8046,8047,8034,8052,8044,8051,8047,8060,8049,8052,8066,8058,8060,8065,8061,8060,8069,8069,8057,8064,8065,8056,8045,8055,8057,8067,8065,8060,8060,8066,8058,8071,8070,8061,8058,8060,8041,8047,8061,8057,8066,8053,8039,8062,8040,8024,8031,8036,8035,8020,8033,8042,8016,8021,8040,8036,
8032,8046,8031,8037,8027,8037,8032,8034,8020,8035,8023,8031,8049,8036,8008,8022,8022,8049,8034,8040,8046,8040,8043,8054,8050,8039,8042,8042,8048,8041,8045,8061,8049,8054,8062,8054,8050,8059,8069,8064,8051,8061,8050,8048,8062,8064,8054,8037,8045,8061,8072,8055,8050,8056,8062,8068,8069,8055,8050,8060,8042,8040,8067,8041,8050,8055,8048,8059,8049,8022,8032,8047,8027,8035,8034,8040,8021,8028,8027,8030,
8046,8035,8028,8049,8029,8054,8037,8045,8018,8040,8024,8044,8037,8026,8022,8020,8033,8034,8038,8040,8047,8048,8049,8042,8042,8054,8045,8049,8042,8041,8044,8049,8042,8053,8047,8057,8054,8039,8049,8062,8054,8054,8041,8053,8056,8049,8054,8040,8048,8051,8067,8046,8066,8044,8056,8058,8063,8047,8052,8046,8041,8044,8055,8046,8046,8052,8044,8061,8037,8001,8038,8047,8037,8021,8023,8037,8017,8014,8025,8044,
8026,8032,8031,8040,8027,8037,8021,8037,8027,8054,8031,8032,8038,8026,8012,8023,8038,8039,8031,8044,8037,8036,8041,8037,8041,8038,8040,8045,8037,8040,8050,8044,8041,8043,8041,8063,8048,8062,8046,8067,8052,8044,8048,8060,8053,8043,8053,8038,8033,8053,8068,8045,8067,8037,8044,8062,8065,8057,8048,8048,8037,8031,8059,8040,8045,8054,8040,8041,8029,8009,8042,8044,8025,8035,8043,8035,8005,8012,8026,8025,
8033,8024,8033,8046,8032,8037,8030,8013,8035,8040,8030,8031,8029,8020,8031,8024,8038,8031,8026,8036,8038,8035,8051,8030,8043,8033,8044,8039,8039,8037,8043,8051,8037,8040,8049,8057,8055,8051,8051,8068,8044,8050,8040,8053,8049,8039,8037,8037,8039,8054,8051,8036,8038,8044,8061,8049,8048,8044,8046,8057,8041,8039,8043,8053,8031,8051,8030,8035,8034,8025,8028,8044,8023,8031,8017,8039,8021,8032,8028,8034,
8018,8031,8032,8054,8052,8055,8050,8043,8036,8050,8030,8034,8038,8031,8038,8031,8023,8031,8018,8023,8037,8039,8045,8055,8041,8027,8044,8044,8032,8046,8048,8039,8039,8041,8040,8050,8048,8047,8045,8058,8050,8050,8052,8035,8055,8053,8046,8031,8039,8035,8067,8051,8045,8051,8048,8046,8050,8045,8036,8030,8043,8034,8059,8040,8047,8059,8040,8046,8021,8000,8034,8041,8031,8030,8037,8045,8023,8037,8024,8022,
8017,8047,8028,8040,8040,8036,8029,8045,8023,8040,8021,8028,8040,8032,8024,8029,8023,8050,8028,8038,8029,8036,8044,8028,8046,8031,8031,8050,8044,8041,8057,8041,8031,8029,8028,8053,8033,8046,8040,8041,8060,8044,8029,8054,8050,8043,8037,8048,8038,8037,8051,8050,8041,8046,8048,8039,8070,8061,8044,8046,8027,8033,8070,8032,8057,8048,8030,8046,8037,8011,8044,8043,8016,8039,8025,8015,8021,8012,8028,8024,
8004,8035,8023,8036,8045,8047,8035,8036,8028,8036,8027,8030,8042,8031,8029,8020,8019,8044,8034,8034,8044,8038,8036,8032,8032,8034,8037,8035,8034,8035,8041,8044,8029,8051,8043,8048,8027,8047,8038,8042,8056,8054,8034,8045,8054,8046,8030,8036,8042,8062,8071,8049,8045,8033,8039,8039,8055,8050,8033,8040,8010,8024,8069,8039,8042,8045,8038,8044,8032,8017,8039,8029,8023,8028,8022,8033,8016,8032,8047,8020,
8022,8032,8031,8038,8042,8047,8033,8032,8027,8039,8037,8027,8035,8027,8027,8021,8020,8037,8030,8019,8018,8036,8048,8037,8045,8045,8034,8042,8028,8041,8044,8044,8031,8034,8029,8041,8036,8048,8052,8059,8058,8047,8033,8050,8052,8047,8037,8031,8031,8046,8061,8040,8047,8042,8041,8044,8049,8047,8037,8044,8028,8021,8045,8038,8045,8033,8028,8061,8041,8021,8044,8037,8004,8005,8028,8030,8024,8028,8040,8019,
8042,8034,8025,8051,8036,8049,8034,8033,8021,8050,8044,8038,8046,8036,8026,8026,8029,8039,8029,8019,8046,8034,8040,8037,8024,8033,8033,8037,8040,8031,8037,8035,8039,8029,8033,8049,8039,8049,8041,8038,8048,8048,8029,8042,8050,8052,8043,8042,8028,8047,8052,8040,8044,8042,8033,8047,8044,8044,8049,8043,8020,8038,8045,8046,8020,8034,8009,8046,8039,8020,8044,8032,8025,8029,8041,8029,8031,8026,8052,8028,
8026,8025,8019,8036,8042,8039,8036,8033,8030,8047,8033,8035,8047,8029,8031,8021,8023,8034,8021,8024,8033,8035,8048,8031,8033,8033,8036,8036,8042,8036,8043,8043,8023,8035,8033,8043,8038,8037,8046,8053,8054,8038,8042,8045,8048,8048,8044,8032,8036,8055,8049,8047,8039,8033,8036,8025,8048,8049,8050,8045,8034,8030,8061,8036,8043,8029,8035,8040,8037,8002,8037,8035,8027,8025,8037,8010,8035,8018,8020,8029,
8025,8030,8017,8045,8052,8058,8034,8043,8029,8049,8033,8026,8046,8040,8022,8025,8027,8033,8031,8033,8042,8039,8044,8028,8026,8031,8036,8035,8019,8043,8042,8047,8042,8037,8030,8051,8037,8055,8044,8043,8053,8034,8031,8041,8049,8046,8032,8040,8032,8044,8053,8047,8038,8033,8036,8035,8039,8045,8034,8045,8013,8024,8052,8033,8042,8037,8041,8046,8036,8014,8044,8049,8035,8039,8034,8042,8014,8025,8035,8017,
8010,8029,8020,8034,8051,8039,8039,8034,8024,8046,8032,8034,8042,8028,8029,8033,8023,8030,8032,8010,8025,8043,8052,8030,8030,8033,8027,8033,8030,8032,8043,8039,8024,8032,8026,8046,8031,8063,8034,8039,8053,8041,8035,8054,8049,8032,8043,8035,8029,8038,8051,8039,8036,8031,8030,8033,8050,8045,8047,8037,8035,8034,8058,8032,8032,8037,8034,8042,8058,8030,8043,8048,8020,8037,8038,8034,8026,8008,8028,8020,
8036,8034,8029,8055,8050,8045,8040,8042,8041,8045,8029,8043,8029,8038,8027,8018,8030,8037,8037,8027,8041,8041,8032,8034,8022,8035,8038,8027,8025,8045,8049,8040,8034,8041,8031,8049,8043,8053,8042,8048,8049,8047,8033,8057,8045,8044,8031,8040,8039,8046,8039,8023,8045,8034,8046,8039,8062,8040,8029,8042,8034,8030,8051,8033,8041,8044,8031,8045,8036,8015,8032,8037,8030,8039,8035,8040,8025,8023,8029,8027,
7996,8026,8027,8029,8015,8037,8036,8029,8031,8061,8039,8046,8051,8032,8028,8019,8024,8040,8020,8030,8034,8028,8041,8047,8033,8035,8038,8033,8031,8040,8030,8041,8030,8049,8034,8038,8029,8051,8052,8050,8049,8055,8028,8045,8044,8050,8044,8034,8028,8032,8035,8046,8041,8042,8047,8048,8047,8052,8047,8056,8031,8024,8055,8039,8047,8036,8027,8032,8040,8029,8040,8043,8031,8035,8023,8033,8025,8018,8026,8022,
8018,8019,8026,8043,8047,8045,8029,8031,8022,8052,8041,8038,8042,8047,8035,8021,8055,8035,8020,8027,8044,8022,8047,8031,8030,8042,8028,8023,8030,8044,8028,8047,8019,8039,8046,8047,8027,8045,8060,8039,8043,8042,8036,8054,8039,8044,8054,8040,8035,8049,8056,8042,8049,8042,8047,8048,8035,8036,8048,8053,8043,8028,8057,8044,8037,8058,8025,8052,8042,8015,8054,8046,8023,8026,8024,8039,8011,8011,8018,8027,
8019,8021,8038,8043,8047,8034,8029,8028,8024,8054,8022,8044,8044,8037,8035,8029,8025,8042,8027,8027,8032,8040,8050,8033,8036,8042,8025,8038,8046,8029,8040,8041,8029,8046,8033,8032,8035,8052,8053,8055,8052,8039,8043,8042,8055,8050,8034,8032,8036,8043,8046,8035,8046,8035,8030,8049,8069,8054,8029,8052,8029,8022,8054,8035,8044,8049,8031,8058,8031,8017,8029,8040,8022,8023,8036,8027,8033,8026,8036,8034,
8013,8035,8019,8035,8038,8037,8045,8034,8024,8042,8037,8038,8046,8048,8036,8025,8040,8033,8025,8045,8036,8022,8051,8033,8031,8039,8021,8042,8040,8036,8037,8044,8033,8042,8034,8042,8031,8058,8050,8056,8049,8046,8035,8041,8052,8041,8052,8036,8045,8050,8058,8053,8045,8035,8041,8049,8071,8045,8042,8056,8033,8029,8069,8037,8062,8049,8040,8040,8047,8000,8046,8047,8033,8042,8032,8026,8020,8028,8013,8014,
29.08,25.52,False,1,0,16,19,19,48