7980,7993,7988,7972,7976,7980,7975,7954,7959,7989,7992,7978,7965,7984,7968,7976,7991,7975,7976,7996,8008,7992,7997,7991,7973,7994,7975,8006,7989,8006,8001,7995,8005,7998,8003,8001,8016,7998,7987,7996,8004,7987,7981,8011,7979,8020,8004,8014,7980,8016,8005,8017,8003,7993,8008,8008,8015,7999,7985,7981,7995,8006,8011,7987,8009,8001,8002,7996,8034,7997,8009,7981,8005,8014,8001,8031,7992,8009,7990,8006,
7952,7992,7969,7992,7978,7984,7984,7977,7959,7991,7973,7971,7983,8003,7972,7981,7993,7979,7995,7986,8010,7991,7978,7984,7978,7993,7978,7999,7986,8010,7993,7999,7996,7999,8004,7986,8000,8001,8002,7970,8003,7992,7989,8006,7978,8009,8009,8001,7976,7999,8009,7989,8003,7991,8016,7996,8006,7997,8018,7981,7989,8010,7989,7981,8008,8006,7996,8017,8002,7990,8016,7999,7982,7987,8012,8027,8001,8014,7990,8021,
7947,7981,7972,7967,7978,7994,7977,7974,7972,7979,7963,7957,7983,7990,7964,7975,7988,7988,7966,7983,8008,7986,7998,7995,7981,8012,7990,7986,7984,8015,7987,8000,8005,7993,7995,8000,8009,7974,7993,7992,8002,7997,7973,7998,7988,7999,7999,8000,7988,8008,8011,8013,8006,7988,7999,8008,8020,8005,8000,8008,7996,8011,8000,7998,8002,8014,7993,8011,8025,7987,7999,7970,8004,7999,8006,8001,8007,8006,7992,8007,
7952,7983,7984,8005,7974,7951,7983,7976,7979,7992,7978,8008,8001,8013,7986,7978,7999,7969,7991,8006,7996,8004,7990,7984,7987,7997,7974,8003,7982,7990,7996,7992,8016,7979,7993,7979,8006,7995,8002,7974,8012,7992,7980,8002,7988,7996,8000,8012,7982,7998,7998,8000,8002,7992,8006,7995,8027,8001,7992,7992,7994,8002,8001,7981,7994,7999,8001,8009,8023,8002,8010,7978,8022,7993,8000,8001,8009,7997,7964,8006,
7977,7962,7973,7968,7986,8005,7994,7986,7957,7994,7991,7978,7977,7990,7976,7998,7981,7980,7989,8002,7987,8001,7992,8007,7992,7981,7989,8004,7985,8006,7981,7994,8002,7985,7992,7999,7998,7997,8007,7999,7994,8007,7972,8004,7981,7991,8011,7997,8012,8020,8009,8000,7996,7997,7998,8013,8025,8010,7995,7984,7988,8009,8000,7993,7992,7997,7999,8005,8028,8011,7998,8001,7990,8007,8015,8024,8025,7989,8007,8023,
7963,7988,7970,7971,7983,7981,7990,7990,7988,8008,7989,7977,7990,8011,7986,7993,8002,7976,7998,8009,8000,7994,7991,8002,7974,7999,7983,7990,7996,8019,8015,8008,8005,7988,8003,7995,8008,7990,8004,7983,7985,8005,7990,7997,7990,8024,8017,7999,7990,8002,8007,8003,8001,7986,7993,8012,8010,7999,7998,7998,7976,8015,8016,8009,7996,7995,8016,8018,8022,8014,8001,7988,7991,8005,8005,8021,8022,8016,7985,8019,
7961,7976,7977,7974,7978,7998,7989,7978,7984,7998,7994,7978,7997,8008,7979,7971,7993,7979,7987,8002,7992,7994,7997,7981,7971,7994,8002,8010,7993,8004,8005,7994,8006,7998,7999,7999,8005,8000,7992,7982,8001,8007,7983,8005,7988,8005,7997,7993,7989,8004,8015,8001,7995,7989,8009,8004,8009,8013,8010,7986,8001,8016,7997,7992,8010,7999,8004,7993,8013,8007,7993,7980,8015,8012,8006,8007,8008,7988,7994,8012,
7969,7970,7964,7965,7967,7978,7975,7967,7978,8018,7980,7984,7988,7996,7985,7994,7977,7976,7992,8005,7994,8003,7997,7981,7985,8004,7975,7997,7979,8012,7995,7975,7994,7989,7982,7996,7993,7992,8010,7996,7998,7992,7996,8006,7987,7990,7994,7987,7989,8014,8008,8004,8013,7998,8007,7997,8002,8002,7995,7997,7996,8003,8021,7987,8006,8005,8011,8008,8017,8001,8002,7967,8006,8019,8001,8013,8002,7991,7997,8039,
7989,7968,7988,7981,7979,7970,7991,7969,7986,7996,7992,7987,7999,8009,7982,8008,7996,7978,7998,8000,8007,7999,7999,7993,7972,7995,7982,8003,7999,8001,8002,7990,7996,7995,7991,7982,8003,7990,8003,7991,8014,7986,7989,8003,7977,8006,7994,8017,8006,8007,8011,7990,7989,8005,7999,7990,8018,8009,7997,7989,8003,7989,8006,7983,8010,7993,7995,8014,8014,8014,8006,7980,8013,7987,8018,8008,8022,8021,8007,8045,
7981,7979,7980,7975,7964,7988,7976,7991,7991,7992,7992,7969,7994,8011,8000,7976,7986,7982,7989,7998,8000,7997,7993,7982,7978,8001,7999,8003,7995,8003,7993,8002,8004,7993,7991,7985,8002,8007,8006,7989,7995,7992,8000,8007,7997,7998,8007,8012,7993,8015,7986,7996,8006,7994,8014,8007,8025,8001,8003,7991,8002,8017,8006,7996,8001,8002,8024,8014,8018,8009,8003,7994,8007,8007,8023,8027,8032,8009,8026,8022,
7988,7984,7982,7987,7963,8001,7974,7966,7999,7992,7991,7977,7993,7994,7993,8002,8006,7988,7995,7994,8004,7991,8001,7983,7982,7997,7999,8000,7987,7995,7989,7991,7981,8000,8003,7990,8001,7990,8015,7990,7994,7988,7994,8008,7986,7999,7992,8014,7990,8008,7992,8006,8005,8003,7994,8013,8028,7995,8010,7989,7993,8006,8007,7996,7998,7993,7999,8002,8024,8014,8018,8006,8028,8020,8024,7999,8029,8024,8018,8035,
7984,7997,7998,7989,7979,7976,7976,7965,7988,7997,7974,7966,7994,7988,8001,7985,7979,7991,8001,8004,7987,7995,7987,7987,7990,7991,7986,8003,7996,7988,7993,7991,8001,7987,7990,7995,7997,7994,8014,7986,7998,7986,8000,7997,7981,7999,7995,8007,7997,8005,8016,8013,8002,8003,8017,8006,8024,8010,8002,7984,8012,8003,8014,7993,8020,8015,8008,8003,8019,8021,8018,8004,8005,8018,8018,8027,8056,8048,8021,8063,
7991,7982,7984,8004,7991,8010,7997,7995,7996,7984,7979,7986,7995,8002,7987,7978,8005,7992,8010,7991,8001,8000,8006,7978,7990,7998,7985,8001,7998,7992,8004,7999,8006,7999,7998,7990,8009,8003,8001,7986,8011,7989,8014,7991,7994,7987,8000,8008,7994,8007,8011,8009,7999,7999,8026,8005,8021,8015,8014,8010,7995,8023,8020,8000,8007,7994,8012,8010,8008,8030,8018,8000,8029,8022,8033,8048,8053,8042,8057,8109,
7997,7996,7995,8018,8002,8009,8000,7989,7995,7987,7976,7971,7983,7973,8001,8001,7997,7973,7996,8012,8013,8002,8000,7997,7987,7992,7995,7989,7993,8008,7994,7997,7998,7999,8004,8000,8007,8005,8000,7990,8002,7993,7991,8003,8008,8006,7988,8011,8001,8001,8016,7997,7988,8018,7999,8009,8015,8000,7994,8008,8007,8001,8026,7997,8009,8006,8016,8025,8022,8012,8007,8002,8019,8017,8024,8048,8059,8084,8099,8128,
8001,8002,8001,8014,7989,8012,8002,7998,7997,7994,7999,7981,7980,7991,7999,7992,8007,7997,8000,8020,8016,8014,7994,7983,7992,8003,7995,7993,7986,8004,7991,8006,8017,7979,8001,8004,8005,7982,7995,7989,7998,8001,7995,8000,7983,8000,8007,8016,7992,7996,7995,7999,8008,8001,8015,8010,8016,8003,8005,8002,8008,8005,8032,7992,8017,8001,8021,8013,8049,8028,8013,8006,8021,8027,8041,8066,8068,8087,8097,8076,
7992,8006,8014,8028,8000,8007,7993,8005,8003,8010,7984,7981,7988,7991,7986,8002,7989,7965,8002,8021,8004,7995,8008,7985,7987,7988,7992,7998,7998,8003,8000,7986,7982,7994,7986,7990,8011,8002,8008,7993,8017,8002,7991,8006,7986,7999,8002,8018,7995,8011,8005,8007,8002,8003,8014,8005,8014,8010,8005,8005,8009,8013,8012,7989,8008,7999,8014,8024,8027,8018,8016,8019,8027,8017,8040,8072,8071,8061,8065,8083,
7999,8003,8008,8015,7999,7999,8005,8001,7999,8006,7997,7999,8007,7997,8007,7995,8007,7986,7996,8025,8010,8016,7997,7995,7995,8000,7979,8002,7986,8004,8003,7997,8010,7997,8009,7994,8013,8019,8012,7996,8006,8010,8006,8008,7996,8016,8016,8015,8001,8006,8020,8008,8016,8021,8027,8021,8025,8005,8006,8014,8004,8031,8021,8011,8004,8014,8017,8030,8036,8040,8024,8014,8015,8033,8058,8045,8046,8082,8099,8093,
7995,8019,8000,8011,8004,8013,8003,8008,7986,8002,8000,8005,7986,7999,7997,7985,7998,7985,8008,8003,8007,8006,8001,7989,7986,8020,8002,8014,8001,8002,8009,7983,8007,7992,8003,7990,8025,7993,8017,7997,8019,8004,8011,8010,7991,8011,8011,8022,8006,8036,8009,8027,8024,8005,8024,8022,8052,8015,8010,8009,8013,8017,8017,7997,8009,8014,8018,8027,8039,8019,8036,8034,8030,8048,8082,8093,8100,8080,8104,8096,
8004,8017,8002,8006,7998,8026,8008,7997,7979,7992,7987,7980,7991,8001,7999,7988,8013,7998,7991,8010,8010,8003,8012,7988,7989,8009,7994,8003,7996,7999,8006,8005,8014,7995,8009,8006,8009,8019,8015,8009,7994,8016,8011,8018,8005,8020,8014,8026,8007,8010,8024,8018,8010,7999,8014,8016,8034,7986,8014,8006,8015,8027,8017,7999,8018,8013,8012,8033,8048,8033,8029,8018,8053,8109,8096,8113,8117,8071,8088,8101,
7996,8002,8010,8008,8008,8003,8011,8001,7996,7998,7993,7994,7995,8007,7996,8007,8007,7988,8002,8017,8006,7990,8007,7997,7998,8002,8007,8010,7987,8001,7994,7990,8008,8001,8004,7995,8014,8002,8013,8011,8003,8012,8005,8009,8002,8007,8007,8014,8013,8023,8019,8014,8019,8021,8015,8026,8041,8008,8028,8005,8013,8030,8012,8009,8012,8007,8016,8035,8032,8052,8072,8070,8063,8089,8100,8095,8105,8079,8108,8102,
7994,7998,7994,8010,7982,8004,7997,7997,7991,8011,7988,7994,8006,8016,8007,7998,8018,7991,8003,7997,8006,8013,8027,8005,7992,8022,7991,8009,7998,8013,8020,8004,8007,8004,8009,8005,8011,8021,8017,8001,8016,8001,8001,8011,8008,8020,8012,8005,8005,8011,8014,8022,8027,8005,8015,8014,8042,8006,8020,8015,8014,8011,8024,8004,8022,8029,8025,8044,8044,8071,8097,8069,8063,8060,8057,8089,8073,8067,8085,8089,
7999,7999,7999,8032,8000,8000,8010,7995,7980,8000,7980,8006,8010,7993,8011,7998,8009,8000,8006,8012,8017,8009,8005,8001,7989,8024,8005,8010,7998,8021,8015,8007,7994,8010,8016,8010,8021,8006,8019,8007,8011,8008,8011,8012,8007,7998,8016,8033,8023,8015,8024,8026,8021,8001,8010,8021,8034,8020,8022,8001,8016,8035,8007,7997,8028,8021,8019,8041,8042,8067,8050,8031,8048,8053,8047,8063,8093,8079,8076,8109,
8003,7993,8013,8007,8005,8008,8004,7996,7998,8000,7985,7993,8008,8015,8001,8013,8005,8000,8018,8013,8016,8001,8014,7993,7999,7995,7995,7998,8001,8014,8010,8009,8016,8000,8014,7993,8027,8012,8029,7998,8005,8000,8017,8011,7999,8012,8015,8024,8023,8027,8022,8014,8016,8023,8004,8020,8047,8022,8012,8013,8010,8020,8010,7993,8028,8023,8014,8042,8036,8032,8047,8022,8032,8047,8067,8097,8095,8093,8114,8109,
7999,8021,8009,8011,8005,8015,8014,8009,7987,8013,7992,7991,8007,8013,8012,8011,8003,7996,8003,8008,8022,8005,8015,7999,7994,8029,7990,8001,8001,8012,8004,8012,8009,8013,8011,8004,8017,8008,8023,8007,8012,8009,8023,8010,8010,8018,8024,8020,8005,8030,8019,8023,8017,8015,8025,8024,8044,8011,8018,8003,8022,8028,8036,7998,8023,8018,8018,8038,8033,8033,8030,8029,8025,8044,8070,8075,8091,8092,8085,8104,
8009,8003,8012,8017,7995,8010,8017,7998,7993,8020,8005,8000,7993,8023,8004,8016,8018,8005,8014,8032,8020,8020,8002,7997,8000,8011,7999,8008,8002,8022,7991,7998,8012,8005,8027,8002,8025,8014,8018,8009,8024,8010,7998,8027,8009,8018,8034,8016,8012,8024,8035,8014,8014,8015,8022,8025,8040,8005,8017,8005,8019,8034,8014,8013,8035,8009,8021,8029,8035,8030,8035,8022,8044,8070,8071,8088,8087,8076,8084,8080,
8012,8012,8005,8031,8008,8005,8009,8014,7997,8027,8003,8001,8012,8027,8027,8019,8026,8003,8016,8018,8014,8004,8012,7999,7998,8018,8009,8019,8006,8026,8000,8005,8026,7993,8012,8010,8019,8010,8025,8003,8025,8014,8019,8027,8002,8010,8022,8008,8012,8013,8025,8012,8016,7993,8030,8028,8025,8017,8036,8006,8010,8026,8010,8011,8027,8023,8034,8037,8034,8028,8028,8024,8044,8053,8078,8062,8045,8049,8053,8061,
8001,8007,8019,8019,8015,8013,8018,8007,8002,8007,7994,7996,8005,8024,8016,8024,8013,8009,8004,8015,8027,8018,8013,8017,7997,8009,8002,8003,8019,8034,8008,8003,8025,8016,8018,8011,8025,8005,8027,8010,8021,8001,8010,8022,8010,8013,8026,8011,8016,8028,8034,8022,8000,8006,8019,8025,8048,8008,8023,7994,8004,8029,8005,8007,8008,8027,8025,8033,8031,8022,8033,8016,8011,8065,8063,8056,8046,8027,8035,8053,
7997,8000,8010,8029,7993,8009,8029,8007,8007,8003,7999,7997,8005,8019,8009,8002,8016,7998,8006,8018,8023,8017,8022,8003,8004,8019,8013,8012,8019,8029,8014,7999,8022,8002,8019,8016,8014,8004,8015,8010,8024,8004,8002,8017,8002,8013,8019,8003,8014,8038,8031,8027,8010,8009,8009,8009,8022,8024,8018,8012,8016,8020,8013,8010,8005,8005,8020,8029,8035,8020,8008,8024,8034,8044,8044,8045,8043,8030,8019,8035,
8004,8020,8007,8033,8017,8010,8016,8021,7994,8021,8002,8011,8013,8017,8018,8012,8014,8002,8033,8033,8017,8006,8024,8010,7996,8012,8006,8017,8010,8016,8010,8003,8024,8012,8022,8013,8018,8002,8021,8014,8027,8006,8012,8016,8011,8020,8026,8024,8008,8025,8013,8005,8026,8008,8023,8020,8036,8018,8018,8021,8026,8024,8029,8005,8017,8016,8020,8016,8028,8021,8024,7997,8023,8042,8030,8032,8045,8024,8027,8068,
8009,8026,8031,8035,8005,8027,8022,8007,7999,8023,8010,8022,8015,8037,8022,8022,8007,8004,8024,8043,8021,8015,8023,8008,8001,8010,8019,8011,8008,8019,7999,8015,8024,8012,8025,8016,8022,8020,8020,8013,8023,8006,8001,8014,8005,8020,8029,8010,8006,8011,8013,8008,8015,8011,8032,8016,8040,8024,8026,8005,8008,8027,7989,8000,8016,7999,8007,8036,8038,8025,8021,7994,8014,8027,8023,8030,8021,8007,8004,8032,
8014,8011,8012,8022,7998,8003,8009,7996,7999,8016,8004,8003,8026,8024,8015,8016,8018,7988,8016,8028,8020,8012,8011,8008,8014,8003,8009,8009,8012,8024,8006,8011,8026,8004,8026,8011,8000,8005,8037,8010,8021,8016,7997,8013,8010,8016,8029,8014,8010,8020,8018,8014,8024,8011,8029,8027,8026,8010,8026,8012,8019,8036,8010,8022,8017,8016,8000,8014,8015,8015,8018,8017,8016,8014,8011,8033,8031,8023,8008,8032,
8008,8002,8007,8013,8001,8019,8014,8020,7998,8024,8005,7992,8013,8030,8008,8011,8003,7997,8002,8014,8015,8007,7999,7991,7994,8009,7991,8005,8002,8016,8015,7993,8017,8012,8016,8001,8019,8011,8014,7998,8020,8010,8027,8005,8015,8006,8017,8006,8006,8020,8018,8012,8008,8017,8015,8010,8025,7997,8006,8004,8018,8025,8013,8004,8002,8001,8004,8013,8016,8006,7989,8000,7999,8034,8015,8033,8009,7998,7992,8002,
7990,8011,8003,8009,8005,8017,8013,8023,8006,8008,8001,8010,8003,8024,8014,8003,8002,7997,8017,8011,8001,8003,8011,7997,8019,8010,7999,8016,8006,8008,8011,7999,8013,8013,8007,8004,7998,8025,8020,7997,8016,8007,8010,8018,8006,8010,8036,8024,8014,8007,8023,8018,8007,8010,8005,8019,8028,8010,8009,8007,7985,8018,8039,7995,8011,8014,8014,8006,8023,8007,8006,7988,8003,8052,8011,8011,8015,8002,7992,8002,
8003,8003,8003,8013,7998,8013,8005,8005,7997,8008,7993,7991,8001,8031,8002,7996,8009,7988,7998,8021,8009,8014,8003,8000,7986,8012,7998,8025,8005,8022,7997,8004,8008,7999,8012,7999,7997,7997,7999,7986,8027,8005,8009,8016,8007,8016,8020,8021,8012,8019,8020,8014,8010,8010,8010,8015,8020,8008,8009,7998,8008,8015,8020,8000,8004,8007,8014,8004,8017,8018,8005,7997,7998,8021,8012,8019,8008,7999,7984,7994,
8003,8018,8012,8013,7992,8027,8011,8002,7996,8012,8000,7993,7993,8018,7993,7997,8009,7991,8007,7997,8006,8019,8007,8003,8010,8015,7991,8020,8014,8011,8010,7993,7997,7993,8017,7995,8003,8003,8008,7996,8022,8005,8009,8020,7995,8021,8011,8026,8012,8006,8022,8023,8006,8008,8012,8021,8021,8022,8003,8005,8007,8011,8011,7995,7999,8010,8026,8019,8015,8006,8006,7994,7993,8014,7999,8016,7994,8005,8000,8005,
8005,8012,8001,8006,8009,8018,8013,8010,7993,8006,8008,8002,8008,8014,8005,8000,7993,8000,8010,8006,7996,8012,8004,7984,8010,8023,8007,8015,8009,8003,8003,8007,8001,7987,8014,7990,8008,8007,8017,7980,8001,8012,8003,8001,8006,8002,8002,8015,8003,8017,7995,8004,8003,8018,8028,8016,8012,8014,8011,7998,8006,8016,8023,8001,7996,8000,7992,8004,8011,8019,8006,7993,8004,8003,8013,8020,8006,7982,7993,7995,
8011,7994,8007,7995,8006,8018,8018,8000,8006,8010,7999,8000,7999,8014,7996,7986,7995,7983,7997,8011,7995,8012,8023,7986,7993,8017,8014,8014,8006,8009,7995,8010,8002,8006,8016,8001,8018,8005,8009,7991,8012,8006,8000,8012,7984,7993,8022,7997,8001,8017,8010,8016,8006,8007,8015,7999,8026,8004,8008,8000,7997,8020,8027,8001,8013,8012,7998,8005,8016,8002,8011,7986,8004,8023,7995,7994,7992,8004,7999,7991,
8019,8005,8019,8012,8013,8014,8019,7998,8000,8007,8012,8000,7986,8025,7994,8003,7999,7988,7998,8011,8007,8016,8004,7995,8005,8016,7993,8021,7993,8003,8009,8004,8009,7993,7997,7996,8007,7991,8020,7996,8009,7993,8003,8019,7998,8011,8017,8000,8006,8013,8011,8029,8009,8005,8016,8022,8023,8016,8002,8007,8020,8005,8010,7987,8008,8006,8002,8002,8016,8010,7986,7992,8010,8006,8005,8001,8015,8009,7995,8009,
7991,8003,8008,8008,7993,8008,8010,8002,7980,8006,8007,7993,8002,8023,7997,8002,8000,7978,8012,8016,8001,7999,8004,8007,7996,8015,7999,8022,7972,7996,8001,7998,8007,7997,8015,8004,8011,8015,8006,7991,7999,8000,8008,8000,7990,8005,8014,8009,8000,8010,7984,8025,7992,8013,8011,8003,8024,7993,8008,8009,8006,8013,8021,8004,7998,8005,8011,8023,8008,8010,8005,8001,8002,8026,8020,8016,8005,7983,8000,8010,
8005,8001,8001,8010,8000,8008,8013,7991,7996,8009,7991,7992,8009,8010,7998,7997,7996,7980,7989,7995,7994,8028,7999,7982,7985,8005,7993,8009,7989,8009,8001,8001,7989,7991,8019,7999,8005,7995,8001,7989,8001,7986,7994,8002,7990,8002,8004,8009,8000,8019,7996,8014,7992,7999,7999,8017,8005,7998,8004,7997,8001,8011,8023,7989,7994,7999,8010,8002,8009,8005,7985,7981,7990,8013,7998,8007,8007,7991,7982,7999,
8000,8014,8015,8031,7994,8023,8011,8001,7991,8003,7992,7998,8003,8014,7991,7999,8001,7984,7991,8004,8010,8005,8011,7998,7983,8019,7990,7999,7988,8009,7995,8000,8001,7989,8004,7989,8002,7998,8001,7984,8019,7998,7994,8003,7985,8000,8000,8002,8006,8002,8011,8001,7992,8009,8014,8003,8020,8001,8008,7998,8004,8012,8005,7992,8003,7995,7991,7998,8009,8020,8004,7991,7996,8011,8001,8003,7996,7987,7987,8010,
7994,8002,7999,8001,8001,8018,8021,8000,8001,7998,7981,7978,7998,7995,7985,7999,8018,7991,8005,8010,8001,8023,8012,7993,7999,8012,8005,8007,7996,8003,7998,7994,8004,7997,8003,7990,8000,7986,8002,7995,8016,7995,7999,8001,7986,8004,7984,7999,7994,7997,7993,7993,7998,8012,8000,8018,8007,8003,8013,8000,7981,8032,8005,7985,7997,7995,8004,8014,8015,8008,7986,7980,7995,7998,8005,7998,8003,7995,7986,8000,
8000,8019,8025,8004,8002,7991,8021,8007,7989,8009,8009,7996,8000,8019,7979,8001,8012,8000,7994,8007,8010,8017,8007,7993,7994,8014,7995,8002,7996,8015,8008,7997,8011,7997,7995,7998,8023,8004,8001,7998,8009,8017,7997,8003,7982,8007,8003,7989,7992,8016,7998,8018,7997,7987,8001,7998,8001,7999,7987,7993,7982,8014,8016,8004,8002,8003,8005,8013,8023,8001,8007,7992,8002,7997,7983,8003,8011,7975,7971,8005,
8004,8011,8011,8014,7993,8008,8019,7989,7979,7993,7995,8003,8005,8005,7996,7991,8004,7975,8003,7991,8007,7999,8004,8002,8000,8011,7984,7997,7992,8009,7989,7996,8003,8009,7997,8000,8013,8000,8009,7981,8015,7997,8003,7995,7991,8012,8002,8002,7986,8030,8007,8004,8000,7998,8010,7995,8023,8005,8010,7969,7992,8019,8024,7991,8003,8006,7990,8010,8014,8016,7997,7979,7985,8003,7993,8003,8006,7963,7988,7990,
7981,7999,8019,7994,8001,8005,8007,8004,7990,8011,7999,7997,7987,8011,7988,8000,8002,7978,8002,8001,8002,8015,7998,7996,7999,8004,7999,7996,8003,8007,7990,7994,8007,8008,7976,7997,8001,7999,8004,7984,8006,8004,7998,7997,7992,8010,8005,8007,7999,8001,8008,8003,7995,7997,8010,7990,8017,8003,8003,7980,7986,8004,8002,7989,7984,7983,8002,8001,8022,8008,7990,7980,7984,8001,7998,7986,8009,7963,7977,7989,
7990,8008,8012,8001,8017,8016,8022,7994,8001,8008,7995,7983,7989,8008,7993,7998,8016,7980,8000,8000,8007,8004,8026,8004,7982,8012,7994,8004,7987,8011,7997,7997,8001,7979,8004,7994,8002,8006,7990,7994,8022,8005,8002,8014,7990,8000,8001,8001,8001,7999,8014,8000,8003,8008,8002,8014,8025,8004,7995,7996,7993,8006,8013,7990,7991,7999,8009,8000,8019,8003,7999,7976,7989,8007,7988,8013,7984,7971,7999,7992,
7983,8011,8009,8012,7992,8029,8003,7998,8003,8006,7997,7998,8005,8017,7983,8014,7996,7972,8009,8002,7995,8000,8003,8003,7999,8015,7998,8009,7996,8009,7991,8000,8012,8000,8001,7998,8008,8000,8013,7996,8015,7997,8007,7995,8004,8013,8006,7989,8001,8011,7999,7994,8000,7986,7994,8012,8020,7995,8002,7988,7990,8017,7998,7993,8001,7997,7990,8006,8001,8003,7999,7980,7978,8005,7981,7993,8002,7970,7983,7996,
7995,8001,8014,8005,8002,8012,8009,8005,7981,8013,7985,7996,8001,8002,7981,8001,7988,7977,7994,8007,8009,8009,7995,7988,7992,8013,7998,8003,7978,8009,7996,8001,7992,7984,7978,8002,8003,7994,7993,7979,7998,8004,7999,7999,7975,8012,7997,7998,7997,8005,8006,7999,7991,7986,7998,8003,8012,7997,7998,7982,7992,7999,8000,8002,7982,7991,8004,7996,8006,8006,7976,7986,7978,8007,7982,7977,7983,7974,7994,8000,
7994,7989,8008,8003,8013,8008,8006,8002,8002,8004,8006,7995,7999,8010,7985,7995,8002,7980,8003,8013,8012,8002,7997,8002,7997,8002,8000,8004,8005,8008,8009,8000,8011,7976,8007,7999,8000,7996,8002,7984,8006,7995,7993,8008,7987,8015,8011,8006,8001,8013,8005,8008,7994,7997,8003,8007,8022,7995,8008,7985,8004,8005,8013,7986,8013,7995,7995,7996,8017,7989,8002,7985,8002,7994,7990,7992,7987,7960,8003,7987,
7984,7998,8011,8013,7995,8011,7993,8002,8014,7992,7992,7993,7989,8019,7989,7998,7998,7971,8002,8018,8012,8000,7991,8006,7971,7994,8001,7997,7998,7995,8000,7990,7998,7996,7993,7996,7998,7993,7994,7977,8024,8009,7988,7979,7993,8003,8012,8010,8003,8011,8008,7996,8002,7996,7997,8005,8014,8005,7989,8000,7990,7997,8001,7981,8007,7994,8000,7991,8004,8010,8002,7975,8007,8007,7982,7986,7991,7976,7970,7986,
7983,7984,8018,7996,7991,8003,7993,8008,8003,8007,7994,7994,7997,8002,7988,8000,8004,7983,7994,7999,8000,8001,8004,7997,7999,8008,7990,8004,7995,8020,8002,7996,8002,7996,7988,7984,8006,7984,7995,7983,8009,7992,7994,7995,7985,8003,8005,8008,7993,8010,8015,7993,7992,7990,7979,8007,8027,8000,7992,7989,7992,8003,7998,7982,7993,7993,7990,8006,8008,8008,8007,7962,8000,7998,7970,8003,7988,7972,7973,7974,
7980,7998,8007,7993,7990,8020,7976,7994,8003,7995,7988,7998,7988,8023,7987,8003,8004,7982,8002,8007,8013,7998,8009,8001,7997,7999,7998,7995,7992,7999,8001,7996,8014,7988,7992,7994,8007,7994,7992,7990,8021,8002,8014,7987,7990,8014,8006,8020,7999,8015,8002,8005,8011,7996,8004,7997,8021,7977,7989,7986,7982,7990,7992,7977,7986,7980,7984,8011,8005,8007,7992,7969,7981,7999,7999,7998,7986,7971,7969,7968,
7971,7985,8002,8010,8000,7995,8000,8004,8014,8007,7988,7989,7987,8005,7979,7998,8000,7971,8007,8008,8004,8003,8000,7985,7991,7997,7989,8004,8004,8008,8002,7993,8011,7999,8003,7994,8021,7994,8007,7999,8011,7994,7995,7999,7981,8000,8004,8006,7987,8014,8010,7987,7994,7994,8011,8004,8018,7990,8006,7986,7997,7998,7994,7982,7993,7991,7989,8002,7993,7998,7983,7967,7992,7995,7995,7991,7980,7961,7978,7967,
7972,7989,8014,8010,7988,7999,7989,7999,7987,8013,7990,7995,8002,8016,7991,7994,7999,7979,8006,8004,7999,8007,8004,8008,7986,8006,7991,8011,7997,8000,8003,8009,8017,7995,8003,7988,8010,8009,7996,7979,8021,7988,7982,7990,7978,8011,7998,8015,7995,8006,8015,7989,8015,7998,8009,8010,7999,7995,7986,7997,7992,7991,7986,7979,7991,8002,7994,7994,8004,8001,7985,7965,7995,7992,7997,7999,7994,7946,7985,7965,
7950,7987,7988,7985,7993,8002,8011,8003,7988,8001,7985,7991,7999,8013,7987,7991,7996,7976,8001,7998,7988,8009,7998,8002,7991,8003,8004,7995,8013,8001,8000,8013,8007,8006,7997,7995,8003,7977,7999,7996,8010,7993,8009,8008,7987,8006,8006,8000,7996,8021,8007,7995,7997,8002,7994,7996,8001,7990,7998,7999,7994,8010,7996,7969,8004,7997,7995,7994,8011,7992,7995,7989,7983,7977,7979,8000,7988,7972,7963,7971,
7967,7989,7994,7985,7986,8000,7995,7988,7999,8009,8004,7982,7990,8006,7992,7988,7999,7975,7994,8011,7989,8007,7983,7983,7991,8004,7998,7986,8002,8011,7987,7985,7991,7996,8003,7982,7997,7989,8002,7987,7997,7997,8005,8005,7990,8030,8009,7998,7991,8007,8005,8006,7991,7991,7999,7996,8009,7995,7996,7984,7999,8002,7989,7979,7983,7988,7993,8004,7991,7994,7994,7978,7976,7992,7980,7998,7967,7960,7972,7953,
7966,8003,7998,7986,7998,7995,8012,7991,8018,7997,7970,7988,8006,8025,7995,8007,8010,7979,8003,8005,7995,7998,7997,7985,7989,7998,7975,8010,7991,8005,7993,7998,7997,7995,8000,7990,8012,7994,8008,7997,8007,7987,8008,7998,7997,8003,7990,8004,8009,8018,8004,7988,7993,7989,7991,8002,8010,8008,7988,7994,7996,7995,7997,7989,7982,8000,7984,7996,8009,8003,7986,7969,7986,8008,7988,7989,7973,7973,7970,7963,
7966,7995,7980,8018,8002,7999,8011,7995,7981,8003,7992,8011,8000,8005,7997,7993,7997,7978,8013,8008,7993,8007,8000,7992,7981,8014,8002,7997,7983,8011,7997,7986,8000,7989,8007,7993,8009,7996,8008,8000,8015,8002,8002,7999,8010,8000,8005,7993,7998,8000,8010,8005,8005,8004,8006,8008,8017,8007,8016,8011,7996,8007,8001,8007,8008,7994,8010,7991,8023,8012,7979,7979,7992,7984,7970,7994,7964,7954,7956,7986,
7972,7983,7998,7961,7991,7973,8018,7984,8001,8012,7990,7996,7999,8008,7997,8004,8001,7978,7997,8002,8007,8015,7996,8004,7981,8012,7994,8004,7994,8005,8000,7992,8001,7993,8003,7995,8014,8001,8008,8004,7996,7993,7999,8002,7988,8019,8012,7994,7989,7992,8012,8012,8001,8006,8002,7995,8015,8007,8001,7979,7993,8012,8003,7999,7992,8010,8005,7997,8019,7996,7988,7978,7970,7995,7977,7987,7972,7970,7941,7961,
7961,7962,7984,8000,7987,7986,8017,7994,8008,8017,8006,8005,8008,8013,7984,7991,7994,7977,7998,8000,8000,8005,7986,7988,7976,7998,7974,7999,7995,8002,7998,7999,8000,8006,8005,7980,8006,7995,8003,8001,8016,7991,7991,7992,7994,7998,8004,8009,7993,8016,8000,7990,8002,7994,7989,8007,8006,7989,8003,7999,7995,8001,8007,7996,7996,7998,7989,8004,8018,7992,7990,7969,7952,7995,7953,7985,7961,7947,7938,7935,
29.23,25.51,False,0