7804,7829,7848,7843,7832,7843,7834,7839,7834,7851,7853,7857,7854,7859,7860,7840,7845,7860,7857,7870,7867,7865,7857,7867,7868,7873,7875,7874,7890,7878,7857,7849,7857,7863,7871,7882,7865,7879,7880,7870,7882,7872,7872,7877,7872,7875,7859,7883,7877,7888,7874,7879,7882,7881,7879,7885,7890,7903,7880,7861,7869,7869,7851,7867,7872,7873,7860,7858,7839,7860,7849,7867,7849,7844,7850,7859,7824,7833,7836,7832,
7811,7834,7857,7854,7854,7844,7853,7833,7851,7858,7846,7857,7873,7859,7846,7855,7855,7849,7855,7860,7863,7871,7857,7873,7878,7876,7873,7873,7869,7872,7869,7869,7873,7873,7869,7867,7883,7880,7882,7878,7872,7873,7883,7883,7873,7886,7877,7872,7867,7883,7870,7871,7874,7879,7872,7879,7894,7877,7895,7883,7884,7859,7867,7858,7884,7867,7854,7856,7856,7872,7861,7866,7861,7846,7872,7858,7825,7832,7826,7825,
7814,7836,7853,7841,7833,7857,7836,7854,7850,7862,7857,7864,7866,7865,7852,7858,7848,7868,7863,7860,7860,7883,7858,7869,7880,7878,7885,7879,7874,7875,7859,7854,7870,7888,7884,7881,7873,7880,7893,7880,7884,7872,7884,7901,7870,7880,7878,7881,7873,7880,7875,7882,7883,7876,7871,7865,7879,7880,7875,7871,7871,7850,7865,7867,7872,7875,7844,7863,7851,7864,7845,7862,7869,7846,7858,7860,7827,7824,7824,7835,
7816,7831,7851,7852,7840,7855,7852,7843,7852,7865,7857,7850,7868,7855,7852,7860,7866,7858,7859,7863,7867,7864,7863,7878,7883,7881,7875,7871,7872,7890,7869,7868,7884,7880,7889,7878,7869,7885,7882,7878,7897,7870,7878,7892,7869,7891,7865,7882,7887,7884,7875,7874,7884,7879,7873,7869,7880,7872,7882,7880,7859,7864,7867,7866,7873,7875,7859,7862,7867,7876,7853,7863,7865,7859,7862,7859,7848,7836,7811,7845,
7822,7833,7836,7851,7849,7866,7856,7842,7848,7861,7861,7871,7865,7864,7843,7863,7870,7857,7866,7864,7870,7867,7875,7883,7876,7876,7883,7882,7883,7884,7873,7885,7879,7882,7892,7887,7881,7881,7902,7878,7895,7878,7877,7891,7866,7875,7880,7859,7885,7875,7870,7868,7871,7865,7868,7875,7879,7887,7881,7872,7871,7864,7867,7860,7875,7877,7876,7859,7857,7862,7858,7864,7862,7839,7867,7855,7820,7845,7827,7832,
7818,7851,7859,7845,7836,7847,7856,7852,7853,7859,7862,7861,7871,7860,7853,7863,7868,7858,7867,7851,7872,7864,7869,7873,7873,7888,7881,7887,7889,7895,7893,7877,7873,7901,7897,7892,7876,7893,7889,7882,7896,7881,7881,7887,7875,7875,7879,7868,7871,7884,7873,7868,7870,7876,7886,7868,7881,7874,7883,7873,7865,7870,7870,7855,7864,7872,7861,7870,7866,7879,7864,7859,7861,7859,7852,7856,7835,7834,7836,7850,
7827,7852,7860,7850,7852,7868,7849,7853,7861,7857,7865,7866,7874,7865,7868,7857,7870,7867,7869,7873,7885,7876,7875,7878,7882,7905,7891,7897,7906,7896,7903,7879,7892,7912,7896,7894,7884,7893,7915,7884,7879,7876,7884,7898,7881,7881,7887,7867,7893,7880,7876,7876,7885,7869,7875,7871,7882,7882,7876,7868,7872,7860,7874,7868,7865,7867,7868,7866,7873,7876,7860,7864,7855,7842,7864,7859,7841,7858,7826,7854,
7828,7836,7851,7858,7851,7862,7856,7848,7861,7867,7862,7880,7876,7860,7856,7872,7873,7863,7871,7879,7883,7882,7880,7880,7880,7895,7897,7908,7920,7943,7926,7927,7917,7926,7911,7913,7901,7901,7908,7895,7889,7871,7893,7891,7875,7874,7881,7872,7882,7892,7874,7875,7880,7877,7877,7870,7883,7887,7890,7879,7856,7861,7869,7868,7879,7876,7867,7864,7868,7876,7841,7864,7865,7862,7843,7855,7831,7844,7826,7829,
7831,7832,7858,7864,7853,7865,7865,7854,7850,7863,7874,7857,7877,7864,7860,7878,7884,7876,7873,7865,7881,7885,7883,7890,7888,7907,7911,7936,7948,7970,7952,7954,7958,7960,7949,7937,7936,7924,7924,7897,7899,7896,7892,7893,7884,7895,7882,7874,7877,7898,7875,7870,7879,7884,7861,7867,7885,7881,7867,7876,7856,7864,7885,7870,7882,7875,7865,7873,7866,7872,7868,7874,7861,7852,7861,7879,7853,7849,7840,7839,
7820,7841,7864,7861,7849,7867,7862,7859,7867,7872,7871,7866,7873,7878,7877,7869,7881,7870,7879,7884,7883,7892,7893,7893,7895,7901,7931,7956,7968,7972,7966,7985,7995,8009,7995,7992,7972,7969,7953,7927,7912,7902,7886,7907,7896,7886,7893,7877,7867,7884,7883,7873,7876,7885,7865,7878,7889,7870,7884,7872,7876,7874,7873,7871,7872,7863,7863,7871,7874,7883,7865,7864,7858,7851,7851,7846,7843,7840,7846,7853,
7829,7841,7857,7859,7860,7867,7851,7862,7866,7869,7859,7852,7870,7882,7876,7874,7872,7879,7875,7868,7898,7884,7893,7884,7892,7913,7961,7955,7973,7984,8002,8017,8026,8024,8028,8029,8016,8003,7998,7965,7926,7902,7905,7914,7892,7890,7882,7885,7869,7899,7877,7888,7880,7879,7864,7867,7887,7872,7876,7872,7882,7867,7879,7877,7866,7876,7864,7868,7863,7881,7869,7867,7846,7847,7861,7849,7855,7852,7841,7862,
7838,7846,7852,7859,7858,7859,7866,7858,7846,7869,7871,7869,7883,7876,7870,7873,7884,7878,7888,7878,7881,7900,7892,7905,7902,7937,7976,7977,7978,8000,8025,8024,8026,8036,8040,8047,8044,8042,8022,7992,7940,7917,7899,7894,7890,7895,7889,7882,7881,7888,7878,7884,7883,7884,7867,7869,7877,7882,7868,7867,7870,7867,7869,7859,7880,7877,7872,7865,7864,7873,7878,7871,7874,7868,7862,7862,7841,7835,7843,7857,
7817,7834,7852,7862,7864,7882,7867,7857,7861,7871,7863,7871,7875,7882,7881,7875,7892,7866,7880,7873,7888,7901,7896,7893,7901,7955,7975,7975,7989,8008,8029,8043,8040,8055,8056,8063,8072,8063,8053,8022,7972,7930,7899,7897,7894,7893,7887,7879,7881,7897,7880,7874,7878,7877,7873,7863,7889,7869,7876,7869,7879,7869,7876,7867,7865,7877,7862,7867,7865,7866,7876,7853,7870,7847,7854,7849,7838,7850,7856,7856,
7817,7839,7862,7861,7847,7869,7855,7849,7856,7851,7862,7877,7881,7870,7869,7874,7876,7875,7883,7885,7892,7893,7904,7898,7919,7965,7978,7971,7990,8015,8033,8036,8039,8058,8062,8073,8079,8084,8089,8044,7962,7909,7908,7902,7894,7887,7877,7877,7883,7887,7890,7888,7878,7888,7865,7870,7888,7874,7875,7875,7868,7876,7869,7866,7876,7873,7870,7863,7866,7859,7877,7880,7843,7863,7855,7857,7844,7844,7838,7858,
7836,7843,7863,7851,7860,7875,7872,7864,7867,7874,7877,7875,7884,7876,7876,7873,7895,7887,7881,7884,7893,7891,7901,7905,7931,7964,7971,7972,7978,8018,8028,8036,8044,8062,8061,8047,8069,8060,8046,8003,7961,7919,7899,7905,7886,7888,7891,7882,7882,7885,7884,7880,7882,7887,7865,7870,7889,7873,7872,7869,7884,7867,7867,7868,7874,7873,7869,7882,7869,7870,7864,7859,7865,7856,7864,7848,7854,7849,7845,7848,
7821,7837,7867,7866,7854,7875,7863,7857,7864,7869,7872,7880,7879,7882,7876,7875,7868,7886,7887,7884,7891,7897,7906,7903,7926,7956,7957,7954,7973,7996,8027,8035,8041,8049,8036,8036,8039,8027,8010,7969,7939,7908,7901,7903,7897,7896,7885,7878,7889,7887,7882,7883,7880,7881,7878,7878,7874,7881,7868,7873,7860,7870,7875,7855,7882,7869,7863,7877,7873,7875,7861,7862,7864,7856,7865,7859,7844,7863,7850,7850,
7840,7850,7868,7872,7856,7865,7860,7874,7869,7865,7862,7872,7874,7885,7888,7870,7882,7876,7874,7885,7894,7893,7894,7910,7929,7954,7952,7962,7972,7992,8013,8030,8039,8041,8037,8035,8024,8003,7987,7951,7920,7897,7910,7900,7884,7887,7885,7873,7884,7879,7873,7877,7874,7886,7870,7866,7880,7883,7889,7871,7869,7874,7874,7875,7875,7883,7870,7873,7861,7861,7859,7872,7883,7862,7862,7869,7836,7851,7841,7847,
7840,7851,7863,7870,7862,7873,7871,7882,7884,7883,7867,7888,7884,7876,7864,7879,7880,7877,7892,7892,7896,7900,7907,7915,7937,7959,7956,7965,7975,7975,8000,8014,8025,8021,8031,8033,8008,7979,7965,7937,7915,7902,7913,7906,7896,7893,7896,7896,7886,7891,7888,7887,7891,7888,7868,7873,7873,7890,7880,7876,7874,7866,7882,7884,7876,7877,7862,7879,7874,7875,7877,7873,7884,7871,7873,7863,7844,7863,7849,7854,
7843,7853,7867,7867,7857,7867,7867,7869,7874,7879,7876,7877,7891,7867,7881,7871,7889,7881,7880,7896,7887,7896,7897,7904,7940,7958,7956,7979,7974,7995,7999,7996,7998,8013,8010,8015,7973,7948,7933,7923,7908,7897,7912,7896,7894,7897,7886,7892,7885,7889,7886,7883,7889,7897,7875,7886,7889,7887,7884,7880,7880,7871,7878,7878,7878,7873,7869,7864,7861,7866,7864,7882,7875,7856,7872,7866,7836,7854,7852,7851,
7843,7862,7856,7879,7867,7883,7876,7887,7880,7876,7880,7875,7883,7874,7885,7885,7892,7888,7881,7885,7893,7895,7904,7915,7930,7963,7983,7984,7994,7994,7993,7978,7977,7983,7988,7980,7954,7934,7927,7929,7903,7900,7919,7903,7906,7897,7898,7884,7890,7888,7886,7887,7895,7898,7871,7881,7897,7879,7891,7885,7878,7877,7877,7873,7879,7864,7874,7865,7878,7873,7882,7877,7881,7870,7866,7876,7847,7870,7853,7856,
7849,7856,7878,7868,7869,7868,7864,7884,7864,7882,7873,7880,7884,7873,7875,7868,7880,7890,7897,7892,7895,7898,7906,7903,7922,7982,7988,8006,8002,8002,7998,7982,7977,7961,7971,7957,7947,7931,7929,7919,7920,7900,7903,7905,7897,7908,7889,7889,7884,7889,7890,7876,7885,7896,7873,7885,7886,7874,7887,7869,7881,7876,7879,7867,7879,7879,7865,7883,7860,7875,7866,7873,7866,7862,7860,7866,7851,7859,7845,7856,
7847,7857,7871,7883,7878,7868,7868,7877,7880,7883,7869,7871,7876,7887,7876,7867,7892,7891,7890,7877,7891,7903,7910,7910,7929,7972,7988,8010,8020,8000,7994,7985,7971,7978,7975,7963,7940,7935,7932,7923,7905,7916,7925,7905,7890,7898,7885,7890,7897,7881,7882,7888,7886,7891,7874,7883,7876,7880,7872,7881,7872,7870,7883,7864,7876,7882,7867,7872,7865,7879,7866,7867,7866,7846,7874,7867,7838,7867,7857,7853,
7848,7856,7875,7870,7866,7876,7869,7874,7867,7879,7881,7877,7884,7876,7867,7876,7885,7886,7889,7887,7897,7901,7904,7907,7920,7971,7987,7995,8025,8011,8017,8003,7993,7988,7988,7985,7971,7948,7941,7926,7923,7933,7941,7929,7917,7902,7889,7904,7890,7897,7885,7877,7880,7901,7862,7875,7890,7881,7882,7863,7873,7866,7870,7869,7883,7875,7868,7869,7881,7868,7872,7869,7881,7862,7863,7860,7843,7865,7856,7847,
7857,7863,7883,7867,7859,7882,7875,7872,7876,7878,7874,7879,7883,7879,7880,7867,7894,7880,7875,7885,7888,7893,7899,7899,7911,7949,7980,8007,8013,8018,8014,8013,8010,8005,7992,8004,7984,7969,7959,7962,7974,8001,7992,7951,7909,7914,7895,7898,7888,7892,7892,7873,7883,7886,7869,7880,7884,7882,7882,7864,7863,7869,7872,7865,7874,7881,7864,7879,7861,7869,7868,7874,7869,7855,7868,7868,7838,7868,7854,7856,
7855,7863,7861,7889,7862,7888,7874,7882,7879,7871,7874,7871,7875,7884,7867,7878,7885,7869,7871,7879,7889,7892,7902,7904,7912,7927,7954,7973,7993,8007,8003,8009,8006,8007,8008,8008,7988,8003,7990,7979,7989,8016,8001,7955,7901,7897,7897,7889,7885,7885,7874,7882,7880,7871,7876,7876,7869,7874,7864,7861,7865,7854,7874,7874,7872,7870,7870,7873,7873,7880,7870,7869,7869,7860,7862,7869,7852,7871,7852,7863,
7860,7870,7873,7886,7865,7884,7876,7869,7873,7888,7875,7872,7875,7880,7882,7862,7883,7888,7883,7885,7900,7890,7907,7891,7902,7910,7918,7939,7973,7984,7994,7997,8017,8000,7999,8012,7995,7997,7995,7955,7955,7964,7947,7921,7895,7909,7881,7876,7897,7884,7883,7882,7874,7883,7882,7871,7869,7870,7881,7857,7857,7862,7866,7857,7873,7866,7871,7867,7870,7871,7871,7864,7871,7860,7855,7864,7845,7861,7853,7866,
7872,7865,7885,7887,7879,7897,7872,7877,7882,7871,7884,7859,7883,7880,7874,7877,7879,7881,7892,7882,7893,7885,7898,7898,7896,7908,7906,7919,7944,7964,7978,7988,7985,7986,7995,8003,7975,7983,7951,7924,7913,7910,7905,7906,7890,7893,7897,7891,7889,7892,7887,7878,7882,7887,7873,7893,7880,7869,7872,7869,7866,7868,7864,7875,7883,7876,7877,7856,7858,7871,7868,7873,7859,7865,7865,7860,7840,7851,7850,7872,
7865,7865,7884,7891,7876,7900,7877,7870,7870,7893,7879,7854,7874,7882,7881,7866,7877,7877,7880,7885,7888,7886,7903,7893,7897,7901,7909,7902,7917,7928,7943,7956,7969,7972,7971,7974,7946,7925,7918,7907,7910,7897,7898,7899,7892,7891,7887,7884,7896,7882,7877,7882,7882,7883,7879,7890,7878,7869,7878,7861,7865,7872,7872,7867,7884,7882,7876,7866,7872,7876,7858,7871,7872,7869,7869,7853,7846,7853,7857,7856,
7854,7878,7878,7889,7856,7883,7874,7869,7871,7887,7879,7865,7864,7888,7883,7877,7882,7876,7887,7868,7893,7884,7878,7900,7898,7905,7901,7900,7908,7918,7918,7919,7940,7940,7932,7920,7918,7903,7904,7913,7894,7892,7893,7897,7881,7901,7891,7904,7880,7886,7888,7874,7879,7897,7868,7883,7883,7873,7872,7867,7874,7870,7871,7867,7879,7879,7869,7862,7867,7873,7857,7880,7876,7871,7867,7881,7844,7848,7858,7867,
7862,7867,7886,7891,7875,7885,7866,7876,7886,7879,7874,7862,7871,7876,7886,7870,7875,7871,7873,7872,7885,7883,7891,7888,7899,7895,7895,7896,7896,7888,7904,7907,7899,7910,7899,7909,7897,7909,7913,7894,7888,7886,7891,7898,7888,7891,7877,7892,7881,7888,7882,7873,7882,7879,7872,7886,7875,7888,7884,7872,7882,7877,7878,7878,7881,7881,7873,7871,7878,7877,7865,7866,7868,7876,7861,7863,7853,7855,7854,7868,
7864,7868,7880,7890,7869,7876,7879,7871,7878,7879,7877,7859,7877,7881,7880,7868,7873,7874,7892,7881,7880,7884,7897,7884,7896,7900,7903,7897,7894,7900,7906,7892,7904,7910,7903,7901,7897,7906,7897,7897,7897,7893,7899,7905,7883,7901,7887,7883,7885,7884,7882,7879,7886,7895,7878,7891,7893,7879,7878,7873,7894,7878,7884,7871,7894,7882,7860,7874,7860,7880,7847,7883,7878,7862,7861,7872,7855,7863,7855,7861,
7862,7878,7880,7881,7876,7888,7879,7872,7883,7883,7875,7869,7865,7890,7892,7868,7891,7876,7882,7889,7884,7887,7877,7890,7888,7894,7893,7898,7890,7892,7893,7891,7895,7911,7896,7895,7886,7898,7898,7889,7893,7884,7892,7911,7894,7895,7886,7893,7883,7883,7881,7891,7881,7877,7869,7895,7877,7871,7881,7868,7887,7876,7874,7878,7875,7890,7890,7869,7871,7875,7866,7871,7872,7853,7866,7847,7839,7846,7856,7855,
7873,7871,7889,7876,7879,7873,7872,7874,7882,7875,7880,7877,7865,7880,7871,7868,7879,7874,7869,7871,7880,7883,7886,7886,7885,7891,7896,7876,7895,7900,7889,7882,7890,7881,7885,7898,7883,7902,7897,7895,7891,7887,7896,7898,7883,7895,7888,7881,7882,7883,7888,7878,7883,7887,7877,7885,7877,7879,7883,7895,7876,7871,7876,7873,7877,7886,7868,7870,7881,7863,7874,7854,7873,7847,7870,7864,7843,7858,7837,7855,
7862,7864,7876,7887,7877,7878,7872,7862,7878,7878,7879,7871,7868,7880,7865,7878,7877,7873,7872,7879,7876,7878,7882,7884,7892,7882,7877,7895,7893,7900,7874,7897,7890,7882,7886,7886,7887,7888,7895,7881,7890,7879,7885,7885,7879,7895,7877,7895,7878,7881,7898,7877,7875,7887,7873,7880,7876,7883,7887,7887,7871,7872,7881,7869,7880,7872,7871,7863,7873,7870,7858,7857,7878,7849,7860,7861,7851,7848,7845,7862,
7871,7877,7898,7890,7884,7888,7862,7866,7879,7890,7878,7871,7867,7874,7871,7869,7889,7867,7887,7879,7883,7885,7878,7888,7899,7878,7878,7886,7886,7886,7877,7877,7888,7884,7886,7890,7890,7892,7891,7897,7889,7887,7875,7884,7877,7893,7896,7889,7878,7883,7887,7885,7891,7884,7881,7879,7894,7880,7883,7887,7878,7871,7881,7880,7891,7888,7873,7864,7875,7871,7861,7862,7878,7849,7861,7864,7863,7860,7840,7850,
7866,7866,7905,7890,7888,7883,7868,7874,7874,7873,7889,7871,7873,7861,7864,7869,7880,7863,7879,7880,7872,7874,7886,7888,7888,7897,7876,7893,7898,7889,7879,7893,7883,7894,7889,7889,7885,7895,7897,7881,7894,7876,7880,7884,7886,7907,7877,7892,7887,7876,7885,7875,7885,7895,7865,7875,7886,7861,7893,7888,7871,7865,7877,7879,7878,7893,7877,7874,7874,7886,7868,7860,7872,7840,7858,7855,7857,7868,7846,7859,
7860,7871,7884,7878,7881,7866,7865,7871,7866,7869,7869,7875,7860,7882,7866,7869,7886,7872,7875,7866,7876,7870,7889,7891,7876,7896,7882,7883,7883,7889,7882,7880,7881,7883,7877,7889,7884,7893,7895,7890,7881,7882,7871,7881,7883,7894,7889,7890,7876,7883,7887,7876,7881,7892,7886,7875,7896,7878,7890,7882,7871,7862,7870,7870,7886,7886,7879,7865,7887,7869,7869,7868,7864,7855,7856,7856,7857,7861,7843,7856,
7863,7867,7880,7889,7876,7888,7873,7868,7865,7866,7875,7865,7877,7877,7874,7872,7877,7868,7875,7877,7886,7880,7875,7880,7883,7883,7874,7878,7874,7898,7871,7871,7879,7881,7885,7880,7876,7891,7878,7885,7888,7885,7882,7891,7876,7903,7885,7885,7875,7896,7883,7882,7886,7891,7879,7869,7886,7887,7891,7889,7880,7874,7886,7868,7866,7882,7870,7859,7879,7882,7861,7865,7880,7849,7870,7866,7855,7864,7856,7862,
7866,7872,7893,7882,7882,7876,7869,7861,7876,7882,7878,7863,7878,7872,7864,7875,7877,7870,7885,7868,7877,7886,7873,7882,7886,7882,7882,7877,7885,7890,7879,7872,7886,7892,7880,7884,7876,7889,7888,7887,7893,7886,7881,7880,7876,7891,7880,7880,7881,7883,7890,7886,7887,7888,7871,7889,7887,7882,7887,7883,7881,7868,7864,7879,7884,7876,7881,7877,7883,7877,7870,7857,7869,7846,7859,7856,7845,7862,7853,7858,
7873,7876,7893,7886,7883,7873,7875,7866,7866,7875,7879,7869,7865,7877,7868,7872,7876,7878,7872,7874,7874,7882,7885,7888,7879,7884,7881,7875,7892,7879,7889,7876,7887,7873,7878,7879,7868,7888,7898,7886,7891,7886,7876,7882,7867,7889,7876,7904,7888,7881,7895,7889,7889,7883,7871,7879,7880,7877,7882,7882,7874,7871,7887,7876,7876,7871,7872,7857,7873,7867,7865,7867,7870,7854,7861,7865,7854,7864,7846,7856,
7859,7877,7885,7880,7889,7883,7884,7870,7874,7877,7868,7873,7874,7882,7857,7874,7878,7875,7867,7878,7887,7873,7874,7886,7888,7883,7877,7879,7878,7888,7881,7867,7894,7887,7869,7893,7878,7898,7893,7873,7890,7877,7873,7891,7885,7880,7881,7870,7890,7874,7881,7873,7876,7877,7874,7883,7885,7878,7877,7881,7874,7857,7873,7876,7886,7889,7868,7866,7876,7872,7871,7856,7865,7862,7869,7854,7840,7854,7868,7851,
7870,7879,7901,7883,7867,7885,7882,7874,7870,7878,7861,7879,7871,7870,7872,7874,7879,7874,7873,7876,7876,7880,7868,7877,7889,7876,7881,7877,7883,7885,7876,7872,7881,7877,7881,7874,7867,7876,7896,7884,7890,7869,7877,7885,7892,7881,7880,7878,7889,7886,7878,7883,7881,7882,7872,7876,7891,7869,7878,7880,7886,7872,7883,7868,7882,7883,7868,7866,7873,7875,7871,7860,7894,7856,7870,7866,7852,7850,7860,7852,
7860,7886,7886,7890,7877,7882,7883,7871,7873,7867,7867,7873,7879,7872,7871,7871,7886,7874,7877,7867,7882,7891,7882,7876,7878,7886,7865,7869,7882,7869,7871,7872,7891,7879,7865,7872,7877,7882,7880,7878,7879,7870,7881,7886,7869,7879,7868,7872,7880,7876,7870,7870,7886,7881,7869,7869,7881,7886,7871,7868,7872,7873,7881,7874,7873,7880,7881,7872,7888,7874,7857,7862,7874,7860,7876,7842,7856,7853,7865,7856,
7868,7880,7904,7879,7867,7879,7890,7878,7860,7876,7872,7876,7873,7874,7864,7865,7883,7863,7880,7868,7878,7872,7870,7862,7874,7888,7878,7868,7885,7877,7879,7872,7885,7882,7875,7879,7879,7877,7885,7877,7884,7864,7884,7876,7874,7888,7878,7872,7876,7881,7873,7889,7878,7874,7872,7875,7887,7884,7869,7883,7880,7865,7873,7867,7880,7881,7871,7879,7879,7868,7871,7863,7877,7853,7873,7852,7852,7864,7847,7864,
7856,7869,7899,7886,7886,7878,7874,7870,7868,7878,7872,7874,7870,7881,7867,7870,7883,7874,7875,7878,7870,7882,7872,7882,7866,7877,7876,7876,7875,7871,7866,7877,7891,7876,7874,7879,7874,7885,7877,7882,7889,7875,7875,7872,7868,7886,7865,7871,7877,7878,7877,7876,7868,7879,7878,7871,7886,7877,7886,7881,7866,7866,7870,7874,7889,7891,7874,7867,7883,7867,7877,7852,7880,7855,7876,7862,7857,7843,7857,7850,
7865,7876,7897,7887,7876,7886,7877,7869,7868,7886,7872,7885,7868,7874,7869,7863,7889,7881,7873,7865,7880,7870,7871,7881,7882,7884,7873,7871,7874,7886,7877,7873,7880,7871,7876,7866,7863,7889,7889,7885,7878,7869,7877,7889,7873,7888,7881,7874,7870,7877,7892,7885,7878,7875,7869,7874,7888,7873,7866,7878,7878,7856,7877,7874,7884,7873,7864,7874,7881,7881,7866,7863,7868,7850,7875,7852,7856,7854,7863,7854,
7854,7865,7888,7888,7865,7881,7880,7868,7880,7884,7870,7867,7876,7878,7867,7862,7871,7868,7869,7870,7872,7869,7873,7874,7895,7881,7881,7874,7875,7882,7866,7874,7869,7866,7859,7870,7868,7875,7885,7876,7879,7877,7881,7879,7867,7880,7887,7885,7879,7882,7878,7871,7874,7887,7887,7874,7881,7874,7875,7884,7880,7860,7879,7868,7880,7884,7872,7868,7872,7863,7866,7875,7870,7858,7871,7856,7860,7863,7863,7852,
7857,7879,7891,7866,7869,7874,7874,7871,7874,7887,7884,7871,7867,7877,7860,7859,7885,7879,7872,7873,7874,7884,7878,7876,7884,7884,7875,7871,7890,7883,7864,7874,7885,7867,7872,7879,7862,7871,7892,7883,7886,7868,7873,7884,7869,7887,7876,7877,7876,7874,7887,7877,7878,7875,7866,7878,7887,7867,7875,7877,7878,7872,7886,7865,7885,7874,7878,7871,7881,7866,7883,7867,7876,7858,7866,7861,7855,7856,7852,7857,
7848,7857,7886,7879,7863,7875,7860,7875,7869,7875,7879,7873,7869,7874,7867,7865,7885,7873,7861,7875,7879,7866,7874,7867,7876,7873,7868,7877,7872,7875,7864,7858,7877,7868,7872,7874,7874,7876,7889,7886,7872,7869,7869,7880,7874,7886,7868,7886,7877,7888,7877,7864,7874,7871,7891,7874,7880,7886,7875,7881,7893,7869,7880,7860,7893,7883,7868,7867,7874,7867,7876,7864,7885,7856,7874,7863,7851,7849,7834,7843,
7849,7876,7876,7889,7875,7877,7879,7876,7866,7878,7883,7880,7862,7878,7864,7870,7874,7874,7852,7872,7871,7870,7869,7881,7876,7862,7868,7868,7876,7864,7861,7865,7886,7878,7875,7874,7881,7881,7886,7865,7872,7860,7872,7892,7878,7880,7874,7870,7874,7889,7885,7874,7868,7878,7873,7873,7883,7875,7872,7874,7885,7872,7874,7863,7884,7882,7853,7875,7870,7859,7876,7857,7872,7849,7865,7849,7842,7856,7845,7846,
7846,7867,7892,7884,7879,7874,7879,7874,7877,7874,7869,7867,7866,7874,7873,7863,7869,7868,7872,7870,7880,7867,7867,7872,7883,7888,7873,7875,7877,7875,7865,7866,7874,7871,7880,7863,7880,7869,7882,7880,7887,7874,7870,7879,7880,7876,7876,7878,7880,7887,7886,7868,7861,7880,7877,7869,7887,7889,7869,7876,7873,7862,7880,7860,7885,7891,7867,7869,7861,7868,7874,7870,7875,7848,7869,7870,7840,7855,7844,7853,
7844,7854,7883,7871,7867,7887,7863,7874,7852,7877,7856,7860,7862,7872,7877,7867,7873,7875,7868,7872,7865,7872,7870,7873,7862,7878,7878,7870,7866,7882,7876,7862,7888,7866,7871,7882,7870,7878,7887,7876,7881,7872,7886,7891,7882,7879,7877,7879,7867,7881,7899,7868,7865,7881,7883,7874,7880,7879,7873,7880,7875,7887,7879,7871,7878,7885,7872,7859,7853,7874,7867,7875,7879,7855,7857,7862,7843,7854,7862,7838,
7856,7871,7888,7872,7875,7875,7871,7871,7869,7876,7864,7873,7866,7872,7865,7862,7882,7871,7868,7871,7878,7876,7865,7876,7868,7884,7872,7869,7871,7869,7866,7861,7878,7868,7868,7857,7887,7880,7884,7883,7875,7878,7871,7872,7870,7892,7885,7872,7880,7882,7877,7869,7873,7878,7881,7871,7878,7891,7878,7877,7875,7861,7875,7868,7896,7876,7875,7872,7868,7855,7875,7863,7872,7858,7863,7842,7851,7850,7841,7850,
7846,7852,7873,7875,7869,7874,7867,7869,7863,7877,7864,7872,7868,7864,7855,7863,7865,7864,7867,7875,7870,7871,7875,7872,7878,7873,7869,7874,7877,7884,7870,7877,7871,7880,7872,7869,7883,7880,7883,7878,7875,7864,7873,7885,7875,7890,7882,7884,7887,7876,7885,7871,7887,7880,7884,7874,7873,7880,7873,7870,7880,7862,7874,7861,7880,7885,7858,7876,7875,7864,7850,7846,7873,7862,7880,7862,7841,7859,7848,7842,
7855,7876,7870,7877,7869,7882,7865,7882,7881,7861,7866,7878,7863,7884,7868,7864,7869,7865,7872,7875,7878,7878,7855,7869,7867,7872,7883,7865,7862,7864,7868,7860,7878,7876,7876,7870,7879,7874,7876,7885,7883,7873,7878,7888,7883,7881,7863,7877,7877,7877,7880,7871,7890,7876,7888,7873,7883,7892,7877,7871,7885,7870,7883,7877,7883,7886,7870,7878,7871,7865,7866,7873,7878,7852,7866,7855,7854,7854,7843,7840,
7832,7867,7873,7890,7862,7870,7862,7871,7878,7862,7863,7871,7872,7869,7870,7878,7880,7866,7868,7869,7872,7876,7866,7877,7878,7880,7864,7877,7861,7868,7863,7861,7878,7877,7875,7878,7881,7872,7895,7881,7881,7877,7875,7875,7877,7887,7870,7877,7879,7883,7887,7876,7873,7881,7890,7878,7877,7880,7870,7885,7872,7870,7880,7869,7885,7881,7863,7859,7860,7872,7874,7860,7878,7861,7873,7851,7855,7850,7836,7846,
7843,7854,7865,7874,7868,7880,7865,7866,7872,7870,7855,7867,7865,7856,7870,7860,7867,7874,7869,7871,7864,7872,7863,7872,7864,7871,7870,7875,7881,7879,7868,7879,7865,7874,7866,7871,7868,7888,7887,7882,7864,7868,7876,7885,7875,7877,7876,7877,7871,7895,7871,7876,7889,7884,7879,7871,7876,7888,7886,7874,7869,7868,7882,7880,7885,7879,7876,7863,7867,7861,7877,7859,7868,7860,7845,7855,7826,7847,7845,7851,
7832,7848,7867,7857,7869,7875,7868,7858,7866,7872,7862,7876,7866,7864,7855,7865,7864,7870,7863,7865,7870,7866,7870,7878,7847,7876,7873,7873,7887,7884,7867,7872,7876,7870,7879,7878,7882,7887,7889,7885,7875,7880,7889,7883,7877,7883,7885,7890,7881,7886,7885,7884,7887,7883,7863,7880,7871,7884,7874,7872,7869,7864,7881,7879,7891,7879,7880,7876,7887,7871,7880,7872,7877,7856,7861,7862,7834,7839,7840,7859,
7831,7836,7874,7862,7858,7871,7870,7864,7865,7890,7860,7870,7858,7870,7867,7863,7868,7865,7863,7869,7872,7872,7876,7872,7877,7881,7864,7880,7873,7874,7862,7873,7882,7868,7871,7879,7875,7895,7881,7881,7873,7880,7879,7897,7884,7884,7878,7899,7891,7888,7887,7883,7892,7878,7876,7881,7879,7887,7883,7873,7874,7864,7881,7869,7888,7877,7878,7871,7903,7884,7873,7871,7864,7874,7864,7856,7832,7839,7841,7830,
7825,7839,7864,7872,7864,7860,7866,7866,7857,7879,7852,7871,7856,7873,7860,7888,7870,7880,7870,7871,7856,7868,7876,7879,7865,7888,7856,7873,7884,7863,7872,7874,7887,7866,7881,7883,7875,7886,7881,7872,7881,7880,7873,7885,7886,7884,7879,7877,7891,7889,7894,7883,7887,7883,7881,7875,7888,7885,7871,7881,7880,7866,7889,7881,7900,7899,7901,7880,7894,7876,7866,7869,7863,7878,7858,7844,7843,7842,7819,7842,
31.17,27.38,False,1,0,10,23,12,22