7848,7856,7839,7870,7847,7845,7847,7868,7870,7851,7850,7849,7868,7864,7854,7873,7883,7874,7868,7868,7872,7877,7890,7876,7900,7896,7892,7893,7892,7897,7899,7894,7902,7883,7890,7901,7889,7889,7889,7889,7883,7893,7889,7877,7894,7893,7892,7879,7890,7892,7876,7879,7886,7885,7884,7893,7896,7884,7878,7883,7828,7854,7851,7849,7853,7850,7848,7842,7858,7854,7845,7851,7861,7852,7876,7874,7869,7876,7858,7858,7855,7877,7873,7884,7898,7889,7880,7883,7891,7895,7895,7894,7888,7880,7882,7877,7879,7876,7878,7883,7904,7894,7882,7896,7894,7901,7897,7908,7889,7886,7888,7893,7884,7872,7869,7880,7871,7873,7858,7858,7832,7829,7831,7842,7841,7844,7834,7840,7846,7855,7842,7857,7850,7856,7860,7865,7875,7873,7872,7868,7880,7866,7879,7861,7875,7865,7880,7882,7870,7882,7888,7890,7901,7894,7894,7879,7883,7890,7894,7879,7893,7890,7888,7896,7891,7891,7888,7889,7889,7896,7889,7886,7880,7882,7877,7885,7900,7868,7861,7877,7850,7868,7845,7846,7864,7853,7848,7861,7861,7862,7878,7867,7880,7860,7869,7885,7861,7865,7867,7864,7862,7876,7861,7877,7873,7861,7856,7876,7875,7884,7883,7886,7902,7897,7894,7889,7895,7899,7893,7893,7894,7889,7889,7891,7893,7890,7887,7891,7874,7893,7885,7872,7892,7900,7891,7889,7879,7874,7879,7870,7863,7850,7847,7857,7865,7847,7862,7865,7868,7859,7876,7879,7880,7880,7888,7876,7874,7873,7897,7878,7879,7885,7876,7884,7878,7890,7889,7889,7893,7886,7888,7887,7890,7890,7895,7914,7899,7907,7902,7909,7902,7888,7886,7891,7889,7905,7900,7878,7909,7897,7906,7901,7914,7896,7910,7896,7909,7880,7893,7897,7855,7857,7842,7858,7851,7869,7863,7867,7866,7875,7860,7874,7867,7882,7877,7880,7854,7879,7863,7878,7873,7881,7872,7874,7887,7885,7885,7896,7891,7883,7878,7886,7890,7874,7897,7890,7875,7897,7893,7882,7897,7882,7883,7897,7884,7889,7883,7885,7900,7891,7901,7902,7896,7891,7883,7900,7888,7886,7874,7884,7846,7853,7875,7865,7847,7872,7867,7871,7871,7867,7861,7876,7881,7892,7876,7871,7883,7889,7870,7881,7879,7887,7882,7891,7891,7899,7891,7898,7890,7891,7900,7893,7894,7886,7896,7905,7888,7918,7900,7894,7893,7908,7899,7905,7892,7897,7896,7889,7896,7901,7915,7906,7902,7892,7903,7905,7887,7886,7894,7882,7836,7847,7837,7860,7848,7857,7840,7841,7856,7855,7852,7871,7850,7856,7865,7885,7870,7884,7868,7879,7886,7870,7868,7872,7886,7878,7884,7891,7881,7883,7889,7883,7885,7886,7883,7887,7887,7889,7875,7887,7861,7876,7883,7874,7870,7888,7870,7887,7887,7890,7892,7899,7884,7878,7875,7876,7883,7872,7860,7873,7842,7864,7856,7855,7847,7866,7865,7866,7859,7871,7847,7872,7871,7867,7869,7874,7878,7884,7886,7891,7887,7881,7879,7886,7886,7890,7890,7882,7889,7892,7885,7899,7886,7882,7880,7893,7881,7875,7888,7891,7892,7887,7890,7889,7890,7888,7885,7886,7894,7871,7897,7885,7879,7885,7895,7875,7899,7884,7876,7886,7841,7841,7855,7836,7853,7852,7855,7852,7861,7857,7869,7869,7875,7868,7863,7862,7862,7887,7883,7882,7866,7884,7878,7872,7874,7889,7881,7883,7874,7884,7875,7892,7880,7882,7883,7893,7884,7881,7876,7879,7885,7879,7890,7875,7888,7888,7873,7875,7888,7881,7873,7891,7878,7878,7877,7893,7889,7875,7886,7879,7851,7871,7866,7876,7875,7873,7864,7859,7876,7882,7888,7886,7873,7881,7876,7897,7883,7894,7881,7906,7894,7886,7901,7900,7897,7893,7889,7905,7898,7889,7899,7909,7906,7913,7904,7905,7907,7898,7909,7908,7898,7899,7902,7890,7883,7898,7902,7900,7903,7902,7907,7904,7887,7891,7904,7891,7908,7894,7906,7904,7854,7871,7867,7863,7866,7865,7876,7873,7875,7877,7867,7875,7867,7883,7888,7876,7880,7897,7898,7884,7878,7887,7901,7896,7884,7878,7883,7882,7886,7888,7886,7876,7890,7883,7889,7876,7875,7890,7873,7882,7891,7878,7884,7896,7873,7889,7895,7896,7888,7886,7876,7880,7884,7876,7887,7886,7877,7880,7880,7890,7865,7867,7853,7875,7860,7867,7884,7871,7866,7869,7867,7882,7873,7863,7873,7871,7891,7891,7888,7883,7875,7883,7886,7891,7875,7891,7879,7893,7883,7884,7884,7877,7881,7896,7878,7880,7887,7890,7897,7874,7886,7901,7886,7893,7897,7888,7885,7879,7884,7892,7895,7887,7884,7899,7881,7886,7898,7902,7884,7890,7863,7868,7867,7871,7865,7876,7868,7870,7886,7888,7892,7895,7895,7894,7893,7897,7876,7893,7876,7882,7885,7879,7889,7894,7898,7887,7890,7897,7901,7897,7892,7891,7893,7889,7888,7891,7890,7895,7895,7886,7883,7891,7879,7897,7897,7894,7894,7889,7891,7894,7902,7899,7902,7902,7885,7886,7906,7886,7877,7891,7859,7871,7851,7857,7864,7872,7882,7861,7875,7875,7884,7895,7883,7881,7871,7873,7883,7876,7885,7884,7892,7886,7876,7888,7895,7879,7882,7890,7890,7877,7879,7888,7876,7892,7876,7884,7884,7884,7886,7888,7892,7898,7886,7886,7884,7895,7890,7882,7888,7882,7887,7883,7902,7877,7889,7871,7890,7892,7885,7880,7838,7868,7852,7852,7856,7867,7870,7864,7871,7863,7872,7877,7870,7879,7880,7872,7868,7876,7865,7882,7881,7870,7869,7874,7875,7872,7870,7880,7885,7876,7877,7877,7883,7890,7875,7885,7883,7885,7883,7879,7883,7888,7886,7876,7881,7886,7880,7877,7869,7886,7869,7888,7866,7883,7861,7875,7873,7887,7879,7886,7868,7860,7857,7865,7861,7868,7863,7854,7868,7877,7881,7874,7890,7886,7886,7881,7881,7885,7883,7893,7891,7881,7880,7872,7887,7886,7893,7893,7887,7893,7888,7882,7883,7887,7893,7891,7879,7880,7878,7889,7894,7890,7889,7886,7890,7886,7884,7883,7881,7886,7879,7884,7879,7882,7886,7878,7877,7881,7867,7884,7865,7873,7863,7880,7871,7877,7889,7865,7877,7876,7886,7891,7890,7888,7886,7883,7885,7890,7879,7893,7903,7885,7886,7898,7892,7887,7897,7900,7901,7890,7890,7895,7888,7898,7893,7890,7881,7887,7888,7889,7898,7901,7902,7902,7894,7909,7890,7889,7894,7895,7891,7895,7887,7897,7882,7887,7880,7890,7878,7889,7856,7863,7852,7871,7864,7874,7872,7863,7882,7882,7883,7879,7869,7876,7873,7884,7866,7887,7884,7874,7883,7877,7856,7866,7888,7893,7874,7876,7882,7899,7886,7874,7899,7885,7891,7907,7892,7888,7896,7890,7878,7884,7888,7890,7881,7887,7879,7894,7890,7887,7888,7897,7894,7886,7882,7893,7886,7888,7886,7890,7881,7882,7871,7892,7873,7869,7870,7897,7903,7906,7897,7905,7896,7890,7891,7886,7884,7901,7899,7895,7895,7881,7879,7896,7894,7900,7901,7900,7907,7908,7909,7892,7911,7895,7910,7910,7905,7901,7903,7894,7907,7900,7896,7883,7893,7895,7892,7889,7895,7892,7897,7893,7893,7886,7891,7888,7893,7895,7893,7903,7889,7879,7882,7873,7882,7880,7891,7888,7897,7901,7899,7915,7898,7898,7894,7896,7904,7912,7895,7901,7907,7897,7906,7892,7908,7914,7899,7898,7903,7898,7901,7900,7903,7918,7904,7909,7903,7903,7907,7902,7907,7910,7910,7909,7917,7908,7907,7913,7918,7899,7904,7904,7898,7892,7905,7896,7903,7884,7906,7889,7864,7882,7877,7884,7877,7875,7880,7879,7882,7885,7879,7895,7891,7887,7890,7886,7890,7900,7888,7881,7876,7899,7894,7903,7898,7890,7886,7889,7887,7895,7894,7893,7894,7901,7894,7894,7898,7904,7891,7896,7894,7883,7900,7888,7886,7898,7883,7887,7891,7888,7897,7888,7884,7884,7900,7867,7885,7883,7885,7895,7868,7866,7855,7858,7867,7865,7866,7861,7878,7872,7862,7877,7878,7879,7866,7882,7883,7887,7875,7891,7886,7881,7872,7882,7880,7892,7883,7889,7895,7889,7887,7880,7890,7888,7884,7885,7888,7896,7891,7885,7887,7879,7882,7880,7895,7875,7882,7888,7877,7875,7871,7879,7872,7878,7865,7865,7874,7886,7878,7875,7882,7889,7879,7895,7896,7898,7889,7894,7895,7891,7909,7899,7907,7897,7900,7903,7895,7893,7902,7900,7901,7900,7904,7902,7901,7908,7905,7897,7909,7902,7899,7906,7902,7908,7920,7912,7901,7895,7905,7906,7900,7904,7899,7903,7894,7897,7894,7893,7897,7903,7900,7902,7894,7889,7886,7887,7887,7902,7895,7896,7900,7903,7898,7904,7898,7899,7894,7921,7898,7889,7887,7894,7893,7897,7893,7896,7906,7907,7913,7924,7908,7910,7930,7900,7908,7919,7903,7906,7918,7914,7904,7901,7913,7922,7903,7912,7913,7901,7912,7906,7909,7912,7906,7901,7908,7907,7907,7904,7897,7880,7896,7886,7890,7891,7887,7891,7894,7882,7907,7896,7896,7892,7895,7889,7885,7895,7897,7886,7881,7903,7899,7896,7895,7902,7893,7890,7900,7903,7898,7903,7897,7903,7900,7902,7908,7902,7894,7909,7912,7904,7891,7894,7904,7904,7901,7898,7899,7897,7896,7901,7890,7903,7892,7897,7902,7891,7895,7892,7896,7894,7893,7905,7884,7886,7889,7888,7892,7889,7895,7899,7882,7883,7878,7882,7881,7882,7878,7887,7894,7894,7903,7896,7898,7899,7895,7905,7901,7900,7906,7907,7903,7894,7901,7902,7907,7902,7902,7907,7918,7895,7906,7888,7903,7917,7909,7905,7907,7912,7905,7897,7888,7889,7881,7894,7897,7884,7897,7886,7896,7887,7891,7877,7894,7887,7877,7889,7896,7896,7893,7879,7883,7893,7887,7907,7897,7886,7897,7903,7904,7891,7901,7900,7906,7890,7903,7912,7900,7885,7909,7913,7915,7907,7915,7917,7904,7909,7907,7912,7892,7919,7905,7907,7912,7919,7911,7912,7911,7913,7907,7907,7907,7899,7897,7899,7915,7895,7897,7892,7900,7899,7891,7898,7897,7896,7880,7898,7910,7905,7886,7910,7896,7890,7877,7897,7900,7913,7900,7892,7889,7889,7896,7898,7904,7901,7912,7892,7903,7902,7906,7920,7921,7900,7902,7912,7905,7915,7897,7902,7906,7905,7911,7901,7913,7916,7915,7915,7916,7898,7912,7913,7887,7911,7895,7901,7900,7900,7887,7898,7896,7906,7887,7888,7894,7893,7897,7886,7900,7900,7896,7892,7902,7902,7893,7917,7909,7908,7913,7904,7917,7914,7921,7923,7911,7915,7928,7920,7908,7926,7927,7920,7924,7917,7910,7909,7932,7918,7931,7924,7927,7915,7910,7920,7913,7916,7908,7923,7914,7916,7917,7908,7922,7906,7914,7907,7893,7903,7896,7916,7903,7888,7900,7912,7896,7903,7889,7899,7895,7905,7896,7890,7916,7926,7922,7909,7923,7929,7918,7911,7917,7924,7914,7927,7920,7931,7918,7913,7935,7918,7932,7925,7925,7934,7928,7920,7918,7927,7919,7923,7917,7917,7918,7910,7918,7918,7904,7919,7926,7923,7920,7917,7915,7905,7906,7901,7908,7895,7899,7913,7914,7909,7910,7902,7914,7910,7916,7899,7902,7897,7903,7910,7926,7930,7921,7919,7940,7933,7921,7929,7931,7919,7909,7933,7920,7923,7928,7919,7926,7919,7946,7936,7934,7935,7921,7938,7927,7931,7923,7942,7923,7925,7923,7913,7923,7925,7930,7938,7938,7939,7920,7906,7915,7914,7906,7909,7914,7910,7915,7904,7912,7895,7903,7907,7921,7914,7898,7897,7909,7918,7896,7900,7928,7931,7949,7955,7944,7931,7937,7939,7942,7946,7941,7947,7946,7931,7940,7948,7944,7946,7943,7956,7942,7942,7938,7943,7951,7944,7929,7938,7943,7934,7930,7930,7940,7929,7949,7950,7952,7946,7939,7940,7920,7913,7924,7927,7909,7929,7910,7927,7924,7918,7917,7915,7919,7918,7909,7908,7909,7915,7920,7929,7932,7947,7965,7962,7955,7941,7943,7935,7929,7932,7928,7923,7939,7928,7927,7937,7931,7938,7929,7924,7935,7927,7936,7908,7928,7928,7922,7921,7921,7912,7915,7917,7915,7913,7920,7934,7926,7909,7923,7907,7903,7898,7906,7899,7895,7889,7892,7893,7887,7899,7881,7897,7890,7886,7881,7888,7886,7902,7883,7890,7984,7999,8000,7997,8006,7989,7959,7954,7949,7939,7944,7950,7938,7949,7942,7944,7949,7956,7944,7939,7937,7942,7937,7927,7926,7917,7930,7922,7926,7916,7922,7925,7918,7926,7928,7921,7921,7928,7922,7926,7907,7928,7906,7907,7895,7893,7892,7896,7901,7899,7903,7909,7887,7900,7895,7897,7902,7895,7905,7908,8032,8033,8046,8031,8041,8029,8014,7982,7978,7977,7986,7995,7996,7997,7992,8005,7984,7984,7970,7961,7953,7946,7946,7939,7942,7947,7927,7948,7925,7932,7936,7936,7934,7944,7935,7933,7932,7921,7928,7931,7929,7913,7916,7912,7911,7900,7903,7904,7901,7913,7901,7907,7888,7896,7910,7908,7904,7909,7902,7906,8022,8027,8023,8039,8054,8040,8026,8009,8012,8023,8035,8041,8067,8055,8061,8044,8036,8044,8030,8017,7974,7967,7952,7939,7945,7934,7926,7932,7936,7936,7935,7929,7943,7932,7940,7945,7959,7952,7939,7919,7918,7924,7912,7916,7906,7910,7910,7905,7900,7894,7906,7889,7906,7910,7903,7887,7896,7897,7893,7910,8070,8052,8045,8067,8066,8066,8049,8047,8036,8052,8058,8084,8093,8079,8077,8062,8078,8076,8078,8075,8024,7976,7960,7951,7943,7954,7928,7939,7932,7926,7941,7948,7952,7960,7983,7988,7987,7979,7964,7940,7935,7926,7913,7914,7917,7914,7911,7918,7909,7908,7906,7895,7901,7900,7904,7899,7887,7907,7906,7911,8050,8038,8035,8051,8061,8048,8029,8043,8056,8062,8081,8099,8095,8082,8078,8087,8082,8095,8101,8085,8051,8004,7989,7983,7959,7941,7933,7932,7927,7936,7943,7953,7977,7982,7974,7984,7980,7978,7956,7942,7929,7905,7905,7911,7907,7892,7913,7901,7907,7903,7889,7901,7884,7904,7885,7881,7890,7911,7887,7908,8064,8055,8053,8043,8042,8037,8038,8039,8066,8093,8093,8099,8091,8092,8097,8096,8096,8091,8093,8081,8061,8025,8039,8032,7988,7953,7940,7942,7951,7942,7941,7960,7985,7997,7994,7971,7991,7977,7968,7960,7943,7921,7903,7910,7906,7885,7888,7897,7894,7892,7885,7903,7902,7880,7890,7899,7909,7889,7892,7904,8057,8064,8071,8078,8056,8050,8043,8041,8060,8110,8100,8096,8080,8097,8100,8090,8081,8087,8062,8071,8071,8045,8044,8018,7981,7964,7950,7951,7955,7951,7953,7965,7972,7998,8003,8000,7984,7984,7975,7977,7946,7939,7917,7927,7907,7912,7905,7907,7903,7901,7918,7900,7914,7915,7909,7904,7911,7903,7899,7908,8126,8093,8092,8092,8090,8076,8049,8047,8047,8078,8095,8065,8084,8082,8064,8066,8040,8030,8033,8040,8036,8012,7992,7989,7963,7948,7939,7956,7940,7959,7960,7959,7972,7979,7996,7997,7999,8003,7987,7984,7964,7942,7930,7930,7906,7916,7908,7918,7919,7905,7909,7920,7912,7912,7923,7908,7898,7925,7911,7916,8134,8097,8093,8077,8097,8086,8059,8053,8046,8043,8069,8064,8081,8054,8016,7994,7998,7992,8006,8028,8010,8005,7993,7972,7962,7949,7947,7947,7947,7955,7945,7965,7947,7962,7956,7967,7969,7995,7983,7964,7957,7928,7925,7929,7909,7902,7911,7907,7908,7907,7907,7908,7896,7905,7908,7902,7908,7903,7908,7908,8146,8106,8102,8106,8096,8072,8066,8050,8045,8046,8074,8089,8098,8055,8017,7987,7984,7993,8017,8039,8039,8032,8031,8008,7970,7965,7953,7954,7941,7935,7957,7952,7953,7956,7964,7954,7957,7978,7970,7972,7935,7935,7921,7923,7906,7906,7906,7904,7896,7910,7893,7904,7906,7910,7923,7907,7893,7909,7903,7908,8150,8099,8079,8077,8071,8078,8053,8045,8034,8056,8073,8095,8084,8074,8055,8037,7993,8020,8044,8053,8041,8024,8031,8000,7970,7945,7927,7952,7935,7935,7938,7940,7961,7952,7948,7956,7966,7966,7956,7940,7928,7912,7915,7923,7910,7902,7914,7897,7892,7906,7903,7910,7902,7898,7905,7903,7888,7909,7902,7914,8116,8099,8079,8090,8089,8047,8060,8051,8059,8078,8085,8093,8075,8097,8102,8077,8061,8075,8069,8077,8055,8012,8006,7986,7965,7954,7943,7939,7946,7942,7959,7959,7960,7952,7940,7956,7959,7945,7930,7933,7911,7918,7906,7909,7898,7911,7907,7910,7903,7909,7901,7909,7895,7905,7900,7908,7897,7906,7896,7905,8069,8089,8068,8080,8073,8053,8055,8059,8086,8127,8145,8113,8079,8115,8121,8111,8116,8097,8093,8081,8063,8004,7974,7969,7959,7949,7934,7947,7935,7941,7943,7954,7986,7974,7954,7946,7949,7935,7937,7931,7925,7913,7922,7929,7915,7915,7910,7901,7918,7924,7907,7906,7921,7904,7905,7896,7913,7908,7929,7929,8065,8074,8049,8056,8040,8044,8064,8051,8085,8097,8123,8104,8079,8103,8122,8124,8108,8110,8095,8091,8048,7987,7962,7944,7937,7922,7942,7937,7939,7932,7936,7940,7972,7964,7943,7936,7933,7935,7917,7933,7909,7908,7919,7902,7897,7896,7893,7888,7904,7891,7901,7893,7911,7891,7900,7902,7903,7897,7902,7902,8047,8037,8053,8050,8054,8073,8078,8068,8061,8063,8094,8086,8100,8110,8128,8122,8119,8106,8098,8087,8049,7981,7971,7955,7941,7943,7944,7951,7933,7940,7932,7945,7948,7943,7942,7945,7924,7929,7930,7924,7922,7919,7908,7916,7905,7918,7906,7904,7903,7914,7898,7915,7916,7906,7908,7915,7903,7900,7913,7928,8060,8063,8041,8046,8062,8070,8070,8037,8027,8029,8046,8073,8095,8097,8091,8102,8084,8090,8083,8055,8007,7964,7955,7943,7933,7935,7932,7914,7919,7912,7917,7938,7932,7928,7922,7924,7917,7928,7913,7921,7898,7912,7902,7910,7901,7904,7901,7894,7901,7907,7900,7905,7912,7896,7907,7897,7913,7906,7903,7913,8049,8037,8039,8038,8045,8044,8031,7984,7994,7975,7980,8004,8019,8018,8016,8032,8017,8015,8009,8005,7961,7950,7949,7945,7938,7941,7939,7937,7928,7938,7930,7928,7939,7933,7931,7926,7933,7935,7926,7925,7914,7914,7915,7913,7910,7915,7921,7909,7909,7914,7913,7905,7918,7924,7910,7914,7925,7911,7917,7920,8037,8026,8015,8022,8031,8021,7980,7959,7974,7978,7971,7980,7982,7981,7978,7975,7973,7988,7968,7971,7977,7957,7956,7952,7954,7950,7952,7941,7942,7938,7939,7947,7938,7941,7949,7945,7933,7937,7940,7930,7929,7937,7935,7930,7900,7916,7921,7928,7915,7923,7917,7915,7919,7906,7918,7926,7931,7930,7938,7936,7953,7967,7965,7960,7968,7942,7954,7948,7954,7957,7951,7953,7944,7949,7947,7937,7960,7946,7949,7950,7951,7942,7946,7931,7936,7935,7957,7949,7940,7938,7933,7951,7934,7935,7938,7935,7926,7919,7922,7921,7906,7927,7916,7922,7910,7906,7909,7903,7905,7908,7900,7908,7915,7902,7901,7921,7913,7927,7908,7923,7957,7947,7937,7948,7958,7937,7942,7942,7954,7950,7953,7945,7945,7952,7949,7941,7957,7953,7956,7952,7951,7939,7946,7932,7934,7932,7933,7942,7929,7918,7934,7924,7919,7930,7937,7937,7934,7935,7924,7923,7924,7923,7921,7916,7926,7911,7912,7918,7928,7926,7910,7919,7914,7908,7910,7915,7909,7908,7915,7913,7918,7939,7923,7919,7923,7926,7931,7928,7931,7932,7937,7935,7941,7925,7939,7946,7932,7930,7926,7930,7927,7935,7933,7927,7937,7922,7925,7928,7934,7920,7921,7919,7930,7916,7927,7919,7919,7920,7911,7912,7919,7910,7911,7905,7915,7899,7916,7906,7909,7896,7896,7904,7897,7904,7909,7902,7900,7895,7894,7908,7909,7922,7916,7919,7919,7925,7910,7921,7920,7918,7928,7922,7913,7927,7941,7918,7917,7928,7926,7920,7931,7914,7920,7927,7924,7921,7934,7913,7909,7911,7924,7914,7914,7919,7916,7916,7924,7921,7908,7921,7896,7906,7908,7900,7890,7903,7896,7899,7901,7897,7901,7891,7904,7900,7907,7901,7898,7899,7899,7904,7920,7934,7934,7921,7938,7931,7934,7916,7931,7943,7929,7937,7943,7935,7940,7928,7926,7930,7924,7924,7935,7932,7931,7927,7937,7933,7928,7945,7927,7935,7929,7929,7923,7931,7930,7932,7929,7928,7925,7931,7907,7915,7917,7925,7908,7924,7905,7905,7912,7903,7924,7912,7899,7900,7913,7912,7903,7915,7909,7924,7920,7911,7925,7920,7906,7925,7928,7920,7933,7926,7927,7934,7934,7939,7923,7939,7914,7924,7926,7932,7929,7925,7921,7909,7938,7940,7937,7935,7940,7932,7943,7946,7931,7932,7933,7927,7926,7931,7924,7928,7923,7913,7932,7919,7916,7910,7923,7920,7905,7896,7916,7905,7899,7901,7898,7908,7922,7919,7902,7924,7919,7925,7913,7915,7914,7926,7924,7931,7923,7927,7912,7911,7924,7916,7934,7925,7918,7918,7915,7932,7933,7927,7934,7934,7927,7923,7924,7925,7937,7926,7924,7937,7937,7937,7918,7934,7917,7928,7924,7911,7919,7908,7912,7919,7913,7906,7908,7900,7906,7914,7903,7909,7912,7904,7919,7897,7919,7915,7910,7916,7892,7892,7897,7899,7897,7911,7908,7901,7903,7905,7911,7898,7917,7906,7909,7905,7896,7912,7897,7915,7901,7906,7918,7909,7922,7924,7919,7917,7908,7923,7918,7907,7921,7910,7911,7909,7918,7904,7912,7910,7905,7912,7897,7914,7904,7908,7890,7902,7888,7895,7894,7904,7886,7898,7886,7886,7903,7912,7900,7889,7894,7909,7910,7897,7902,7895,7911,7900,7908,7919,7906,7908,7907,7925,7917,7897,7913,7909,7907,7914,7918,7931,7928,7917,7927,7923,7920,7924,7930,7933,7922,7924,7930,7928,7920,7921,7940,7925,7922,7923,7920,7910,7901,7913,7904,7913,7908,7912,7912,7913,7903,7916,7909,7894,7904,7905,7904,7900,7909,7900,7903,7902,7902,7887,7910,7906,7900,7907,7908,7914,7908,7910,7907,7912,7906,7908,7916,7908,7903,7915,7905,7913,7911,7922,7902,7921,7913,7924,7921,7922,7925,7925,7921,7917,7922,7922,7919,7919,7913,7914,7904,7910,7900,7902,7898,7891,7902,7894,7897,7900,7895,7897,7897,7901,7886,7895,7899,7907,7903,7885,7894,7901,7889,7894,7901,7902,7902,7891,7903,7917,7895,7916,7897,7903,7903,7910,7912,7920,7910,7904,7919,7899,7914,7918,7918,7928,7925,7938,7919,7920,7938,7932,7923,7922,7924,7927,7926,7921,7921,7914,7932,7931,7921,7921,7911,7915,7912,7909,7900,7900,7901,7902,7904,7906,7910,7894,7904,7897,7896,7899,7897,7889,7902,7903,7905,7903,7905,7903,7912,7901,7908,7902,7902,7919,7905,7916,7919,7915,7905,7923,7925,7919,7925,7932,7931,7933,7926,7938,7939,7934,7940,7933,7936,7934,7943,7932,7927,7935,7934,7928,7931,7918,7928,7923,7914,7920,7920,7920,7921,7908,7904,7918,7898,7909,7915,7910,7903,7910,7901,7912,7903,7893,7904,7899,7907,7910,7903,7896,7909,7909,7896,7906,7904,7917,7932,7917,7920,7910,7932,7922,7930,7926,7933,7922,7929,7936,7936,7934,7925,7943,7943,7941,7943,7950,7939,7932,7937,7940,7932,7927,7941,7929,7919,7922,7932,7913,7926,7925,7909,7916,7903,7918,7925,7901,7911,7903,7910,7910,7894,7918,7901,7900,7893,7906,7898,7905,7910,7921,7921,7905,7901,7917,7921,7924,7906,7911,7916,7916,7932,7915,7921,7919,7936,7940,7932,7925,7944,7934,7937,7947,7952,7948,7952,7959,7946,7941,7960,7951,7946,7941,7941,7927,7923,7934,7928,7916,7923,7917,7905,7905,7912,7918,7921,7904,7918,7907,7914,7913,7911,7914,7902,7894,7894,7900,7910,7900,7903,7905,7905,7915,7910,7924,7916,7920,7920,7900,7912,7923,7907,7925,7919,7911,7923,7936,7934,7927,7916,7943,7938,7951,7987,7972,7962,7954,7961,7947,7950,7944,7934,7928,7936,7920,7930,7928,7918,7917,7930,7919,7904,7915,7908,7913,7913,7913,7901,7902,7919,7922,7904,7920,7895,7873,7894,7888,7891,7884,7892,7890,7901,7901,7909,7899,7886,7902,7901,7896,7903,7927,7916,7918,7917,7921,7905,7909,7937,7926,7936,7939,7938,7975,7994,7992,7976,7961,7948,7943,7937,7931,7914,7911,7922,7925,7921,7910,7920,7922,7919,7903,7901,7906,7898,7896,7909,7892,7891,7890,7894,7884,7889,7906,7888,7883,7869,7897,7883,7903,7899,7900,7908,7899,7890,7909,7898,7898,7896,7902,7899,7901,7900,7896,7903,7909,7924,7918,7926,7921,7932,7929,7938,7944,8008,8019,7998,7979,7957,7938,7948,7938,7930,7928,7917,7920,7913,7910,7922,7897,7903,7895,7905,7896,7907,7903,7887,7879,7898,7887,7886,7897,7904,7891,7892,7877,7891,7877,7895,7893,7894,7902,7906,7895,7902,7902,7915,7908,7901,7918,7914,7904,7905,7925,7913,7927,7914,7909,7926,7923,7921,7942,7950,7944,7982,8023,8020,8020,7959,7943,7946,7941,7929,7917,7915,7913,7934,7911,7909,7923,7901,7901,7889,7890,7897,7906,7882,7897,7890,7894,7915,7909,7909,7907,7888,7902,7897,7894,7887,7896,7904,7895,7894,7908,7898,7904,7913,7904,7896,7895,7905,7904,7906,7901,7910,7911,7919,7912,7934,7938,7931,7954,7948,7956,7993,8047,8065,8052,8012,7974,7957,7959,7933,7936,7934,7929,7916,7918,7907,7903,7904,7894,7917,7895,7907,7905,7906,7894,7901,7883,7894,7895,7902,7888,7879,7887,7883,7885,7888,7887,7892,7900,7903,7899,7900,7898,7890,7907,7899,7900,7911,7914,7914,7918,7910,7910,7920,7925,7932,7927,7931,7949,7953,7968,7988,8042,8079,8072,8051,7998,7958,7944,7941,7943,7933,7926,7923,7931,7910,7906,7910,7921,7920,7915,7910,7898,7908,7892,7909,7895,7879,7896,7888,7887,7875,7875,7882,7898,7885,7889,7894,7891,7890,7891,7892,7892,7893,7891,7899,7900,7904,7911,7904,7912,7899,7915,7905,7915,7931,7928,7941,7951,7959,7964,8018,8052,8085,8082,8072,8044,7974,7977,7956,7939,7942,7935,7911,7911,7908,7910,7900,7893,7905,7909,7900,7899,7887,7893,7887,7893,7893,7896,7880,7884,7869,7852,7867,7869,7873,7879,7896,7886,7901,7900,7905,7918,7899,7913,7908,7895,7913,7915,7908,7924,7917,7913,7906,7931,7937,7919,7939,7968,7966,7989,8043,8075,8089,8095,8067,8050,8020,8006,7972,7936,7940,7913,7916,7924,7922,7910,7931,7904,7895,7893,7884,7903,7902,7899,7882,7895,7889,7883,7889,7882,7848,7854,7865,7890,7871,7875,7869,7876,7877,7880,7870,7891,7904,7890,7883,7891,7889,7909,7884,7898,7905,7901,7908,7917,7938,7926,7932,7960,7964,8002,8067,8064,8063,8067,8055,8056,8044,8046,8007,7939,7925,7911,7916,7911,7907,7910,7897,7895,7918,7880,7887,7883,7879,7868,7875,7893,7895,7876,7877,7884,7866,7862,7873,7875,7904,7894,7912,7881,7893,7874,7884,7877,7890,7893,7883,7899,7908,7899,7912,7905,7905,7907,7915,7926,7942,7931,7934,7970,7968,8016,8058,8060,8066,8075,8065,8051,8036,8065,8014,7938,7942,7942,7920,7919,7913,7925,7904,7891,7891,7885,7883,7890,7874,7885,7885,7877,7917,7890,7891,7902,7842,7849,7862,7867,7855,7864,7859,7871,7882,7874,7868,7901,7875,7879,7898,7896,7874,7896,7902,7900,7902,7905,7927,7919,7915,7925,7942,7954,7964,8009,8043,8042,8046,8051,8076,8071,8066,8072,8011,7951,7919,7916,7901,7902,7908,7883,7900,7891,7896,7881,7883,7896,7876,7888,7884,7902,7894,7874,7873,7878,7843,7837,7831,7846,7866,7862,7871,7845,7863,7857,7870,7876,7866,7864,7876,7873,7893,7898,7900,7898,7895,7892,7908,7909,7901,7927,7923,7959,7985,7998,8016,8032,8043,8040,8052,8038,8032,8032,7991,7957,7934,7919,7904,7895,7880,7888,7877,7889,7889,7900,7865,7879,7867,7873,7878,7864,7873,7876,7859,7871,7857,7854,7850,7852,7876,7865,7885,7872,7866,7868,7866,7872,7870,7872,7879,7890,7882,7894,7895,7902,7905,7916,7908,7923,7920,7939,7934,7975,7999,8018,8046,8048,8072,8061,8057,8063,8062,8024,8006,7958,7952,7922,7933,7922,7908,7904,7915,7902,7884,7874,7871,7878,7866,7871,7891,7892,7875,7877,7886,7865,7840,7847,7856,7845,7869,7869,7859,7872,7860,7874,7864,7881,7867,7882,7886,7879,7887,7895,7897,7907,7910,7904,7917,7916,7915,7933,7956,7972,8008,8034,8045,8050,8069,8061,8063,8053,8056,8021,8017,7978,7946,7933,7930,7932,7910,7893,7905,7885,7904,7869,7864,7869,7885,7857,7867,7843,7888,7878,7875,7868,27.32,22.48,False,2,0,2,33,23,18,0,21,48,18,22