7914,7940,7966,7931,7951,7948,7930,7937,7978,7949,7955,7965,7965,7988,7971,7941,7951,7952,7967,7959,7967,7972,7968,7984,7971,7971,7975,7971,7978,7963,7978,7980,7997,7976,7988,7981,8000,7971,7994,7976,7979,7968,7973,7989,7989,8006,7977,7989,7972,7975,7990,7970,7984,7989,7997,7965,8007,7971,7976,7978,7972,7994,7970,7973,7978,7968,7979,7991,7978,7987,7980,7983,7978,7967,7939,7981,7974,7966,7954,7951,
7931,7933,7965,7951,7957,7940,7946,7957,7950,7966,7951,7956,7961,7985,7972,7965,7964,7965,7962,7964,7957,7977,7986,7974,7965,7953,7967,7972,7976,7988,7970,7985,7988,7975,7965,7982,7991,7984,7968,7966,7994,7979,7961,7989,7979,7990,7979,7987,7985,8001,7988,7976,7995,7984,7997,7971,7973,7973,7989,7985,7986,7995,7983,7963,7973,7987,7978,7984,7992,7986,7989,7958,7947,7945,7967,7978,7944,7961,7956,7969,
7927,7949,7962,7954,7964,7965,7969,7948,7966,7958,7944,7968,7970,7971,7968,7981,7969,7945,7966,7959,7944,7973,7988,7977,7962,7977,7976,7968,7973,7974,7971,7988,7988,7982,7972,7992,7988,7964,7966,7981,7990,7993,7979,7981,7990,7985,7966,7982,7988,7988,7989,7993,7993,7986,7996,7975,7985,7958,7985,7975,7978,8001,7974,7980,7963,7982,7971,7984,7986,7962,7967,7957,7967,7965,7968,7980,7957,7962,7968,7955,
7923,7939,7962,7950,7936,7945,7957,7957,7967,7952,7957,7965,7961,7979,7968,7973,7952,7947,7964,7965,7959,7969,7985,7967,7968,7966,7968,7970,7972,7975,7967,7971,7986,7973,7971,7985,7984,7981,7988,7973,7977,7984,7981,7983,7981,7995,7983,7984,7965,7973,7997,7986,7989,7997,7994,7966,7987,7975,7987,7991,7978,7984,7977,7950,7948,7969,7969,7993,7999,7967,7968,7975,7965,7962,7958,7955,7961,7962,7956,7959,
7949,7926,7980,7922,7958,7952,7958,7952,7966,7953,7953,7949,7958,7971,7970,7964,7950,7937,7967,7959,7959,7979,7990,7982,7971,7964,7963,7966,7974,7977,7965,7986,7967,7973,7967,7990,7987,7985,7971,7978,7980,7989,7967,7979,7983,7996,7981,7991,7973,7969,7973,7977,7981,7985,7987,7979,7983,7959,7983,7973,7975,7983,7985,7967,7977,7969,7964,7978,7991,7977,7960,7949,7975,7964,7950,7981,7967,7911,7942,7954,
7913,7946,7948,7945,7955,7948,7967,7949,7977,7965,7952,7950,7969,7972,7962,7960,7940,7951,7958,7972,7969,7984,7965,7979,7966,7977,7978,7959,7969,7978,7975,7978,7983,7977,7983,7991,8002,7996,7996,7965,7983,7996,7987,7999,7977,8000,7984,7984,7980,7975,7983,7994,7982,8007,8003,7987,8001,7975,8004,7982,7977,7992,7992,7980,7970,7982,7981,7964,7983,7981,7979,7963,7970,7981,7940,7965,7977,7955,7953,7957,
7937,7961,7968,7949,7961,7951,7969,7953,7977,7963,7964,7963,7973,7989,7970,7956,7962,7950,7963,7974,7959,7963,7993,7981,7971,7969,7973,7967,7973,7974,7963,7990,7988,7982,7974,7982,7989,7988,8001,7972,7985,7990,7971,7983,7980,7998,7987,7977,7974,7996,7980,8000,7988,7991,8002,7982,7989,7974,8000,7983,7998,7987,7972,7966,7981,7973,7974,7963,7970,7964,7976,7977,7953,7978,7970,7969,7942,7941,7947,7952,
7932,7932,7950,7939,7947,7956,7959,7946,7967,7942,7947,7942,7943,7962,7949,7953,7939,7950,7956,7950,7951,7955,7964,7956,7952,7959,7966,7949,7975,7966,7961,7978,7974,7964,7966,7982,7996,7972,8005,7978,7963,7991,7987,7996,7981,8002,7976,7977,7971,7981,7982,7986,7980,7993,8002,7987,7975,7967,7988,7979,7988,7983,7987,7962,7957,7987,7976,7962,7972,7981,7967,7934,7965,7973,7945,7952,7939,7955,7955,7944,
7931,7929,7940,7937,7941,7940,7978,7949,7945,7961,7962,7951,7957,7985,7954,7959,7936,7956,7955,7959,7954,7966,7981,7964,7931,7964,7966,7954,7967,7974,7960,7983,7966,7971,7974,7983,7974,7988,7988,7985,7989,7993,7979,7978,7970,7981,7975,7999,7988,7989,7983,7988,7978,7982,7984,7983,7974,7964,7980,7992,7987,7988,7991,7973,7967,7973,7967,7981,7989,7981,7966,7964,7955,7966,7973,7957,7963,7959,7956,7961,
7940,7951,7956,7935,7948,7944,7966,7947,7961,7953,7940,7950,7957,7974,7964,7955,7943,7958,7962,7963,7958,7969,7975,7952,7948,7975,7972,7960,7969,7983,7968,7982,7989,7970,7977,7987,7989,7997,7986,7991,7966,7995,7988,8002,7994,8002,7996,7985,7998,8001,7990,7993,7990,8003,8003,7991,7995,7995,7981,7987,7993,8001,7981,7982,7966,7985,7981,7970,7991,7975,7946,7967,7970,7966,7957,7964,7952,7972,7956,7966,
7957,7952,7959,7932,7959,7960,7977,7957,7970,7949,7965,7956,7965,7978,7973,7949,7949,7956,7970,7961,7969,7981,8003,7976,7956,7968,7975,7980,7970,7976,7975,7982,7964,7982,7971,7991,7981,7988,8017,7985,7984,8009,7994,7995,7992,8007,8004,8008,8001,8006,7984,8009,8004,8005,7989,7983,8001,7988,7996,7990,8003,7995,7991,7975,7979,7991,7959,7981,7992,7986,7973,7948,7967,7962,7960,7954,7982,7967,7950,7975,
7948,7945,7972,7934,7946,7949,7956,7958,7972,7963,7939,7951,7953,7984,7970,7946,7944,7959,7962,7969,7953,7972,7992,7981,7945,7963,7971,7962,7973,7971,7969,7985,7983,7964,7973,7996,7978,7984,7994,7987,7992,7998,8001,8006,7994,8001,8001,8000,7999,8008,8013,8013,7997,8011,8007,8008,8007,7996,7993,8001,8001,8018,7997,7982,7987,7981,7982,7966,7987,7987,7987,7960,7964,7975,7947,7962,7965,7962,7943,7975,
7947,7949,7952,7940,7951,7948,7959,7961,7958,7967,7935,7960,7955,7987,7958,7972,7948,7948,7951,7975,7963,7954,7993,7969,7969,7962,7972,7978,7968,7970,7987,7992,7986,7990,7988,7992,8005,8002,8014,7993,8002,8021,8011,8009,8007,8004,8001,8007,8019,8028,7994,8009,8001,8007,8013,7993,8013,7998,8001,7994,7985,8014,7999,7979,7977,7986,7985,7989,7971,7981,7980,7958,7954,7970,7965,7955,7966,7966,7953,7968,
7957,7951,7972,7963,7976,7965,7957,7964,7982,7975,7951,7961,7964,7984,7974,7972,7961,7969,7950,7975,7965,7971,7981,7975,7959,7979,7981,7966,7971,7978,7976,7994,7995,7986,7991,8002,7997,8014,8012,8006,8016,8028,8028,8030,8034,8032,8014,8020,8016,8022,8024,8023,8006,8018,8022,8002,8020,7999,8013,8014,8007,8015,7995,8005,7983,7991,7977,7981,7984,7972,7973,7965,7965,7972,7964,7969,7958,7966,7943,7951,
7962,7975,7974,7952,7973,7951,7974,7945,7956,7961,7961,7970,7961,7986,7975,7962,7952,7962,7959,7960,7970,7976,7993,7976,7969,7982,7969,7965,7962,7982,7979,7992,7983,7984,7996,8000,7994,7997,8025,8011,8022,8061,8068,8095,8066,8072,8053,8026,8018,8030,8013,8030,8022,8018,8026,8015,8013,8001,8019,8005,7992,8015,8001,7971,7981,7991,7983,7990,7991,7986,7975,7973,7958,7981,7971,7955,7958,7966,7965,7969,
7951,7959,7973,7960,7960,7963,7959,7971,7968,7959,7956,7957,7957,7980,7964,7960,7947,7933,7957,7957,7948,7973,7997,7972,7947,7961,7967,7967,7966,7973,7979,7979,7980,7969,7976,8009,7992,8005,8016,8025,8071,8097,8097,8108,8103,8106,8096,8073,8036,8030,8023,8030,8033,8022,8031,8007,8027,8018,8017,8011,7984,8010,7999,7985,7971,7980,7976,7979,7983,7979,7980,7957,7962,7984,7973,7970,7958,7953,7945,7954,
7961,7959,7982,7953,7976,7954,7981,7966,7982,7975,7962,7949,7970,7977,7975,7963,7967,7967,7960,7976,7976,7986,7983,7984,7976,7962,7959,7968,7978,7992,7971,7983,7988,7989,7998,8005,8004,8006,8028,8043,8081,8127,8121,8149,8140,8132,8123,8119,8114,8089,8063,8065,8067,8085,8094,8069,8073,8059,8061,8041,8014,8029,8014,7998,7991,7996,7992,7980,7995,7984,7974,7960,7956,7977,7968,7973,7963,7952,7956,7951,
7958,7974,7972,7977,7968,7957,7972,7964,7967,7974,7963,7961,7974,7988,7971,7950,7956,7954,7954,7967,7970,7977,7981,7965,7968,7976,7975,7979,7973,7962,7966,7987,7983,7988,8001,8015,8013,8004,8046,8048,8108,8140,8136,8151,8149,8148,8140,8151,8133,8137,8110,8134,8136,8155,8162,8152,8154,8139,8126,8086,8043,8039,8026,8001,7996,7992,8002,7988,7995,7978,7969,7965,7962,7973,7963,7962,7963,7968,7962,7938,
7971,7977,7988,7986,7972,7979,7982,7972,7978,7975,7971,7960,7975,7979,7975,7960,7958,7973,7975,7983,7981,7984,7993,7976,7964,7976,7981,7983,7990,7982,7992,8004,8004,7991,7997,8007,8024,8013,8044,8078,8113,8159,8154,8172,8166,8164,8161,8165,8145,8153,8163,8168,8181,8189,8191,8189,8189,8151,8167,8136,8080,8052,8032,8012,8016,8004,7995,7999,7991,7998,7979,7960,7958,7974,7965,7971,7948,7936,7967,7930,
7945,7969,7980,7975,7973,7963,7971,7981,7970,7963,7967,7955,7975,7995,7969,7963,7951,7957,7965,7957,7962,7993,7992,7977,7966,7976,7990,7964,7968,7985,7978,7984,7993,7988,7993,8013,8014,8015,8051,8070,8116,8152,8149,8173,8164,8169,8163,8155,8162,8166,8181,8196,8196,8218,8213,8192,8185,8163,8171,8158,8126,8070,8036,8009,8005,8002,7989,7984,7987,7986,7986,7973,7985,7972,7974,7949,7963,7945,7959,7950,
7957,7968,7986,7975,7961,7966,7958,7965,7994,7958,7959,7940,7979,7989,7981,7984,7949,7961,7959,7967,7963,7996,8006,7976,7966,7987,7984,7979,7976,7996,7994,7999,7985,7984,7997,8017,8017,8022,8057,8086,8115,8170,8154,8160,8166,8179,8200,8184,8197,8188,8204,8235,8228,8224,8223,8204,8197,8179,8182,8165,8131,8112,8047,8003,8010,8001,7988,7997,8003,7986,7977,7944,7974,7966,7957,7961,7945,7942,7934,7948,
7974,7987,7985,7989,7960,7972,7977,7978,7969,7976,7955,7964,7985,7975,7974,7967,7968,7957,7965,7976,7965,7990,8002,7994,7972,7985,7990,7986,7985,7993,7996,7997,8002,8005,8017,8010,8024,8026,8060,8081,8118,8170,8169,8173,8176,8183,8203,8209,8196,8202,8216,8245,8238,8240,8234,8211,8205,8200,8179,8182,8138,8124,8043,8004,8000,8019,7997,7995,7993,7987,7974,7969,7954,7987,7953,7958,7963,7963,7950,7956,
7962,7969,7986,7978,7972,7970,7977,7970,7975,7954,7945,7968,7984,7985,7972,7964,7966,7959,7948,7982,7961,7985,7994,7974,7973,7993,7987,7982,7981,7987,8003,8005,7999,7991,7994,8021,8038,8029,8054,8083,8131,8166,8162,8166,8169,8182,8199,8189,8206,8222,8226,8248,8235,8229,8244,8227,8206,8197,8205,8189,8144,8138,8060,8020,8017,8021,7994,8001,7986,7982,7977,7946,7972,7980,7973,7970,7965,7947,7963,7949,
7944,7970,7957,7964,7975,7973,7972,7973,7954,7951,7940,7954,7970,7968,7981,7958,7945,7966,7953,7969,7967,7973,7984,7972,7964,7982,7988,7968,7988,7991,7975,7997,7997,8000,7991,8030,8031,8016,8065,8073,8129,8160,8148,8156,8164,8186,8212,8197,8204,8221,8219,8239,8236,8247,8231,8220,8219,8193,8196,8188,8167,8129,8068,8003,8001,8020,7995,7985,7973,7983,7970,7968,7969,7960,7962,7959,7947,7931,7958,7943,
7946,7955,7979,7970,7956,7969,7984,7956,7969,7943,7958,7947,7966,7970,7959,7953,7952,7959,7954,7959,7956,7969,7981,7975,7957,7977,7976,7971,7974,7989,7981,7995,7999,7995,8002,8007,8016,8027,8046,8047,8093,8141,8120,8129,8139,8171,8198,8215,8209,8220,8220,8227,8230,8234,8232,8217,8203,8195,8197,8187,8176,8150,8064,8026,8015,8005,8001,7994,7987,7989,7979,7965,7975,7976,7973,7959,7955,7936,7971,7945,
7958,7974,7976,7969,7973,7963,7980,7982,7971,7964,7965,7951,7974,7980,7955,7967,7956,7967,7962,7966,7964,7986,7993,7985,7952,7978,7983,7982,7983,8000,7985,8002,7991,7986,7995,8011,8027,8016,8036,8035,8075,8118,8118,8133,8129,8162,8164,8202,8195,8203,8200,8211,8219,8205,8203,8210,8208,8208,8205,8179,8146,8100,8042,8004,8027,8000,7979,7975,7981,7983,7960,7953,7974,7958,7966,7953,7951,7951,7951,7923,
7951,7955,7987,7968,7963,7971,7985,7964,7967,7966,7956,7966,7980,7982,7977,7968,7950,7962,7976,7962,7967,7979,8001,7983,7977,7984,7987,7986,7984,8005,8000,8002,8005,8005,8011,8028,8013,8026,8053,8040,8065,8114,8116,8151,8148,8154,8169,8198,8214,8204,8213,8214,8214,8210,8216,8204,8206,8176,8186,8148,8095,8064,8037,8025,8007,8014,8007,7993,8014,7993,7965,7968,7965,7965,7966,7966,7970,7947,7947,7963,
7944,7965,7991,7977,7979,7974,7978,7959,7978,7968,7961,7954,7963,7984,7965,7973,7966,7958,7950,7959,7966,7981,7990,7988,7967,7977,7974,7990,7996,7986,7985,7993,8002,8002,8001,8014,8026,8011,8041,8035,8061,8105,8099,8143,8129,8139,8158,8192,8209,8215,8228,8218,8206,8191,8196,8187,8178,8154,8127,8075,8032,8039,8024,8011,7988,7980,7985,7980,7990,7993,7971,7959,7969,7961,7968,7961,7947,7940,7958,7936,
7947,7963,7987,7998,7969,7968,7979,7983,7966,7959,7959,7945,7964,7972,7963,7962,7967,7961,7967,7962,7966,7966,7988,7983,7970,7977,7974,7978,7958,7988,7981,7995,7995,8000,8000,8010,8025,8018,8030,8038,8064,8102,8114,8138,8146,8158,8156,8173,8184,8220,8220,8213,8194,8186,8175,8161,8132,8095,8067,8030,8021,8041,8028,7998,8002,7997,7996,7986,7997,7999,7983,7954,7970,7971,7971,7948,7957,7958,7960,7956,
7948,7968,7984,7970,7974,7978,7982,7969,7977,7970,7971,7972,7971,7985,7968,7971,7972,7964,7960,7963,7971,7970,7993,7986,7958,7971,7987,7986,7983,7990,7990,8007,8002,7996,8016,8004,8030,8037,8050,8032,8076,8104,8127,8152,8143,8162,8159,8176,8186,8195,8185,8185,8178,8162,8147,8101,8069,8062,8045,8029,8016,8028,7992,7983,7986,7985,7976,7982,7990,7986,7982,7957,7970,7962,7962,7947,7962,7947,7947,7958,
7930,7949,7996,7970,7965,7975,7983,7974,7977,7954,7947,7956,7979,7979,7971,7949,7964,7960,7964,7968,7951,7975,8002,7986,7969,7984,7997,7980,7987,8006,7991,7999,8004,8012,8026,8033,8041,8066,8096,8071,8091,8116,8128,8147,8144,8161,8165,8162,8165,8184,8173,8182,8160,8154,8135,8082,8039,8026,8047,8029,8022,8024,8009,7993,7978,7990,7956,7985,7978,7992,7965,7958,7981,7963,7952,7941,7951,7964,7939,7952,
7959,7967,7984,7984,7966,7970,7983,7964,7978,7962,7961,7955,7966,7977,7957,7952,7961,7960,7946,7955,7950,7972,7981,7984,7962,7968,7991,7978,7966,7988,7993,7978,8002,8009,8035,8022,8055,8069,8082,8088,8083,8114,8119,8119,8121,8143,8153,8159,8154,8155,8149,8156,8131,8128,8095,8055,8044,8000,8023,8005,7997,8012,8006,7989,7967,7991,7966,7964,7974,7962,7957,7952,7933,7969,7953,7945,7943,7924,7944,7929,
7954,7944,7975,7970,7958,7963,7973,7956,7960,7965,7951,7944,7962,7972,7966,7968,7940,7955,7958,7966,7946,7963,7972,7962,7972,7975,7963,7974,7975,7989,7981,7996,7989,7993,8028,8033,8044,8065,8079,8064,8085,8104,8099,8114,8121,8135,8147,8163,8148,8145,8156,8159,8167,8126,8106,8066,8043,7997,8006,8008,7993,8006,7995,7981,7992,7989,7987,7981,7986,7980,7966,7954,7963,7959,7948,7947,7940,7945,7944,7948,
7951,7950,7988,7973,7962,7956,7978,7970,7967,7963,7969,7948,7970,7983,7958,7959,7959,7957,7953,7955,7942,7976,7974,7965,7958,7972,7981,7971,7975,7983,7985,7982,7988,7982,7994,8000,8017,8034,8049,8041,8072,8086,8075,8097,8098,8112,8142,8154,8148,8147,8146,8159,8137,8111,8075,8028,8022,8000,8018,7994,7997,8007,8003,7974,7976,7978,7974,7954,7978,7976,7950,7942,7961,7959,7959,7946,7938,7932,7932,7953,
7955,7936,7972,7965,7945,7970,7976,7967,7954,7954,7968,7953,7972,7980,7973,7963,7958,7958,7957,7951,7965,7974,7992,7965,7952,7984,7983,7959,7967,7985,7982,7971,7984,7992,7998,8008,7998,8012,8028,8011,8033,8042,8042,8068,8084,8114,8130,8139,8123,8109,8146,8140,8118,8112,8047,8030,8012,8007,8006,8002,7999,8013,8015,7982,7988,7996,7974,7972,7985,7987,7954,7958,7965,7961,7952,7960,7943,7936,7948,7944,
7959,7969,7966,7972,7958,7959,7968,7967,7961,7949,7965,7936,7959,7972,7957,7946,7952,7946,7960,7949,7954,7968,7986,7976,7945,7966,7964,7982,7972,7985,7981,7992,7966,7971,7978,7998,7996,8001,8006,7983,7998,8025,8015,8026,8050,8085,8104,8111,8126,8108,8109,8120,8107,8070,8032,8009,8017,7991,7999,7985,7983,7986,7980,7967,7968,7978,7957,7968,7972,7981,7960,7957,7954,7946,7949,7945,7941,7937,7929,7936,
7952,7950,7967,7954,7958,7945,7970,7951,7958,7945,7953,7943,7951,7963,7947,7961,7945,7936,7946,7952,7951,7966,7982,7965,7963,7959,7978,7967,7953,7974,7961,7983,7991,7962,7994,7985,8001,8003,8002,7990,7997,8024,8004,8031,8028,8069,8098,8097,8104,8103,8098,8110,8083,8041,8021,8008,7995,7986,7998,7991,7985,7985,7980,7965,7980,7973,7975,7973,7969,7974,7958,7941,7955,7963,7943,7952,7941,7951,7938,7935,
7944,7958,7974,7979,7961,7973,7973,7956,7965,7950,7954,7948,7958,7993,7962,7958,7947,7954,7944,7963,7947,7963,7992,7964,7964,7971,7971,7959,7975,7975,7973,7979,7983,7969,7977,7985,7996,8008,7999,7989,7995,8013,7999,8023,8032,8064,8071,8095,8100,8114,8100,8077,8041,8011,8035,8003,8018,7991,8004,7988,7999,7977,7984,7964,7975,7994,7976,7971,7990,7979,7955,7965,7965,7953,7959,7960,7947,7951,7934,7940,
7939,7971,7969,7975,7969,7959,7966,7963,7954,7940,7964,7958,7953,7982,7957,7948,7945,7944,7954,7959,7954,7965,7992,7975,7954,7974,7974,7958,7968,7969,7970,7979,7969,7975,7975,7994,7994,7987,7987,7979,7990,8006,7996,8004,7990,8038,8047,8060,8059,8057,8033,8032,8012,8001,8005,7991,8002,7955,8001,8000,7982,8005,7993,7967,7965,7975,7961,7977,7967,7971,7956,7950,7968,7960,7957,7959,7936,7938,7944,7936,
7946,7947,7970,7972,7951,7944,7953,7958,7941,7948,7945,7930,7965,7964,7946,7954,7934,7937,7945,7939,7943,7965,7975,7965,7945,7973,7971,7957,7962,7959,7962,7979,7975,7963,7974,7985,7984,7986,7969,7961,7986,7997,7995,7994,7985,7994,7995,8011,7999,7989,7989,7997,7990,7995,7985,7980,7973,7969,7982,7974,7964,7979,7988,7950,7957,7950,7962,7959,7966,7962,7930,7942,7957,7930,7931,7936,7937,7931,7913,7940,
7949,7935,7966,7974,7946,7958,7965,7962,7945,7951,7941,7950,7950,7979,7965,7935,7940,7940,7956,7968,7941,7967,7977,7955,7955,7955,7961,7955,7953,7966,7956,7974,7953,7957,7973,7981,7978,7975,7989,7969,7969,7979,7963,7978,7971,7990,7985,7981,7991,7982,7980,7998,7994,8004,7990,7980,7974,7963,7992,7969,7961,7973,7967,7953,7962,7962,7948,7942,7968,7959,7937,7940,7951,7953,7952,7938,7931,7932,7931,7921,
7944,7943,7962,7956,7955,7951,7963,7950,7954,7952,7932,7936,7962,7984,7960,7952,7953,7946,7954,7954,7941,7971,7971,7957,7948,7957,7980,7973,7949,7965,7955,7966,7971,7958,7965,7978,7972,7976,7976,7960,7973,7982,7974,7984,7965,7979,7963,7964,7975,7971,7966,7968,7972,7987,7993,7974,7976,7973,7959,7978,7953,7983,7968,7956,7967,7977,7954,7949,7965,7968,7945,7938,7951,7938,7947,7936,7921,7924,7938,7916,
7946,7960,7976,7950,7951,7943,7956,7954,7965,7956,7951,7952,7967,7970,7963,7950,7942,7938,7954,7958,7939,7963,7987,7954,7949,7969,7968,7961,7947,7961,7970,7970,7974,7967,7965,7970,7976,7975,7986,7959,7971,7992,7963,7987,7952,7983,7972,7960,7972,7979,7977,7983,7979,8000,7998,7976,7976,7966,7983,7979,7960,7975,7972,7962,7972,7970,7961,7953,7976,7964,7952,7949,7963,7944,7942,7946,7939,7920,7927,7936,
7933,7941,7958,7948,7932,7944,7964,7951,7928,7930,7942,7948,7948,7962,7963,7937,7941,7943,7957,7951,7935,7952,7969,7953,7945,7960,7961,7956,7951,7948,7944,7935,7961,7956,7966,7975,7985,7964,7963,7959,7968,7977,7965,7974,7969,7982,7975,7975,7978,7959,7964,7962,7969,7974,7984,7966,7973,7964,7976,7975,7949,7962,7971,7961,7958,7972,7930,7951,7957,7962,7935,7923,7929,7937,7936,7931,7917,7918,7924,7915,
7937,7931,7969,7943,7951,7947,7950,7945,7948,7945,7945,7943,7946,7971,7951,7940,7945,7944,7942,7950,7931,7969,7960,7951,7958,7965,7954,7963,7947,7939,7954,7947,7969,7958,7935,7965,7982,7957,7964,7968,7960,7971,7959,7976,7948,7971,7956,7979,7962,7961,7952,7975,7958,7954,7969,7947,7978,7956,7978,7957,7947,7948,7956,7954,7942,7964,7952,7928,7975,7958,7929,7935,7943,7937,7942,7931,7929,7908,7909,7927,
7939,7940,7958,7955,7949,7960,7953,7953,7955,7943,7942,7927,7971,7960,7952,7943,7941,7923,7945,7940,7935,7959,7963,7961,7946,7962,7952,7958,7950,7959,7953,7958,7961,7934,7947,7966,7959,7974,7966,7959,7960,7970,7955,7967,7956,7958,7960,7961,7972,7959,7945,7968,7970,7978,7974,7954,7974,7956,7965,7988,7940,7954,7962,7960,7968,7970,7950,7931,7982,7957,7941,7944,7950,7935,7933,7940,7925,7907,7935,7913,
7936,7937,7966,7956,7954,7956,7944,7944,7961,7933,7944,7941,7952,7978,7958,7961,7948,7938,7965,7961,7950,7963,7970,7965,7945,7956,7962,7952,7954,7955,7962,7974,7973,7960,7969,7964,7967,7973,7966,7965,7978,7963,7958,7965,7965,7978,7962,7953,7954,7952,7952,7950,7948,7971,7976,7969,7960,7952,7965,7966,7942,7960,7958,7951,7943,7956,7940,7943,7932,7957,7955,7926,7946,7942,7935,7922,7922,7917,7937,7912,
7925,7941,7964,7945,7938,7947,7966,7962,7947,7941,7918,7936,7958,7961,7947,7944,7932,7927,7930,7951,7938,7952,7960,7944,7937,7959,7949,7946,7938,7947,7944,7960,7956,7950,7938,7965,7961,7947,7944,7931,7942,7966,7958,7965,7931,7959,7955,7917,7953,7941,7944,7964,7952,7950,7969,7945,7957,7953,7953,7936,7937,7952,7949,7949,7945,7954,7939,7927,7956,7943,7926,7920,7915,7932,7932,7915,7917,7924,7925,7893,
7926,7946,7935,7949,7951,7962,7959,7956,7953,7928,7937,7943,7956,7967,7945,7939,7935,7939,7952,7943,7942,7953,7962,7958,7934,7957,7959,7955,7951,7941,7953,7956,7955,7936,7947,7968,7961,7953,7950,7943,7953,7963,7948,7963,7950,7953,7945,7957,7949,7938,7968,7953,7953,7962,7973,7956,7945,7943,7964,7950,7963,7962,7962,7939,7951,7945,7951,7954,7949,7955,7961,7949,7936,7941,7937,7927,7906,7921,7916,7903,
7920,7934,7953,7948,7946,7945,7962,7956,7970,7932,7948,7935,7937,7968,7962,7940,7951,7919,7945,7940,7939,7954,7959,7949,7931,7947,7961,7941,7936,7929,7957,7956,7943,7944,7948,7961,7952,7951,7957,7923,7946,7958,7958,7969,7947,7958,7952,7943,7948,7960,7954,7952,7951,7951,7971,7952,7940,7951,7958,7938,7941,7966,7948,7924,7941,7949,7945,7949,7933,7934,7946,7930,7943,7930,7921,7918,7904,7901,7914,7903,
7933,7933,7961,7955,7947,7955,7955,7957,7947,7942,7930,7936,7951,7961,7942,7957,7930,7944,7946,7944,7934,7956,7954,7949,7942,7959,7956,7949,7945,7963,7944,7961,7950,7939,7959,7959,7975,7956,7960,7948,7957,7956,7946,7954,7947,7952,7955,7952,7948,7967,7957,7955,7963,7961,7949,7949,7955,7955,7961,7959,7951,7968,7954,7943,7938,7951,7935,7951,7950,7943,7928,7934,7920,7923,7927,7926,7901,7910,7914,7893,
7897,7934,7934,7925,7949,7938,7959,7955,7956,7927,7936,7940,7944,7965,7947,7951,7931,7927,7942,7932,7939,7954,7971,7935,7937,7956,7953,7944,7942,7937,7954,7953,7961,7948,7929,7952,7962,7949,7968,7942,7958,7950,7957,7951,7940,7969,7952,7944,7951,7958,7946,7962,7950,7966,7953,7953,7960,7948,7959,7944,7942,7953,7944,7916,7940,7947,7939,7939,7942,7937,7941,7916,7925,7923,7928,7922,7907,7879,7924,7889,
7922,7916,7955,7936,7963,7953,7955,7951,7953,7942,7936,7932,7927,7955,7952,7945,7937,7925,7927,7939,7927,7942,7955,7940,7935,7942,7953,7937,7940,7934,7943,7955,7943,7939,7932,7952,7960,7945,7957,7937,7943,7975,7951,7951,7947,7945,7945,7937,7938,7948,7949,7941,7947,7954,7963,7956,7955,7946,7948,7934,7930,7958,7944,7926,7943,7925,7934,7938,7939,7942,7923,7913,7913,7933,7928,7892,7902,7904,7915,7882,
7912,7930,7953,7949,7931,7949,7954,7950,7948,7940,7941,7937,7962,7952,7946,7948,7939,7934,7939,7941,7920,7953,7966,7940,7934,7957,7963,7952,7945,7937,7947,7955,7955,7944,7949,7952,7971,7952,7965,7929,7944,7960,7942,7957,7942,7953,7953,7955,7952,7955,7954,7967,7941,7963,7960,7958,7941,7949,7951,7953,7947,7961,7957,7936,7948,7958,7937,7946,7949,7947,7933,7912,7934,7934,7915,7926,7891,7877,7906,7889,
7900,7919,7930,7915,7940,7922,7949,7946,7931,7932,7920,7936,7934,7950,7934,7951,7932,7929,7932,7937,7915,7955,7965,7942,7930,7949,7961,7941,7948,7949,7953,7960,7958,7943,7939,7962,7966,7952,7955,7926,7955,7959,7942,7947,7953,7966,7952,7941,7950,7946,7941,7945,7944,7960,7963,7942,7945,7941,7952,7941,7941,7972,7938,7919,7948,7951,7928,7939,7956,7943,7933,7925,7928,7923,7938,7910,7913,7887,7902,7904,
7884,7911,7922,7929,7934,7932,7944,7941,7935,7928,7922,7908,7933,7948,7939,7941,7927,7913,7938,7927,7938,7936,7948,7937,7920,7953,7965,7930,7926,7941,7933,7940,7951,7934,7950,7951,7952,7936,7960,7927,7941,7943,7946,7940,7932,7939,7932,7947,7939,7957,7946,7949,7936,7956,7961,7942,7952,7944,7938,7937,7935,7956,7936,7928,7934,7941,7924,7926,7930,7934,7933,7914,7902,7914,7914,7929,7893,7879,7879,7871,
7881,7918,7959,7914,7929,7922,7949,7931,7946,7941,7921,7926,7935,7958,7929,7940,7940,7932,7940,7936,7911,7941,7941,7938,7923,7935,7937,7950,7929,7941,7944,7956,7941,7934,7941,7947,7943,7940,7967,7937,7942,7942,7941,7942,7934,7946,7941,7925,7938,7931,7943,7944,7931,7940,7935,7926,7936,7943,7937,7936,7937,7957,7940,7925,7925,7941,7929,7943,7943,7946,7921,7928,7920,7934,7924,7911,7904,7912,7904,7871,
7878,7915,7927,7921,7914,7943,7935,7950,7942,7928,7924,7930,7935,7954,7937,7936,7934,7915,7929,7950,7920,7959,7968,7929,7929,7946,7949,7939,7924,7935,7927,7956,7938,7938,7931,7944,7944,7959,7952,7936,7943,7960,7944,7953,7931,7957,7943,7941,7933,7949,7950,7954,7949,7945,7955,7922,7959,7928,7945,7939,7924,7954,7945,7933,7934,7939,7925,7926,7952,7941,7936,7915,7915,7928,7903,7895,7881,7893,7888,7859,
7864,7883,7924,7907,7900,7910,7927,7913,7946,7939,7921,7920,7939,7937,7941,7938,7942,7919,7940,7930,7926,7961,7950,7944,7921,7943,7965,7944,7932,7951,7945,7944,7956,7928,7944,7948,7956,7956,7956,7940,7952,7956,7952,7940,7950,7955,7945,7939,7925,7943,7952,7955,7949,7947,7963,7947,7943,7955,7962,7929,7941,7937,7936,7917,7937,7936,7940,7932,7947,7960,7926,7931,7905,7924,7917,7907,7884,7883,7885,7850,
7866,7891,7926,7921,7905,7913,7938,7938,7944,7908,7919,7925,7926,7949,7922,7912,7915,7920,7932,7907,7922,7948,7940,7929,7912,7938,7937,7939,7925,7942,7929,7933,7946,7927,7948,7966,7940,7948,7950,7945,7948,7955,7937,7954,7936,7950,7937,7939,7941,7929,7939,7948,7948,7944,7947,7944,7940,7924,7944,7929,7936,7953,7949,7928,7931,7941,7928,7933,7942,7928,7917,7908,7922,7897,7916,7892,7881,7868,7849,7847,
28.94,25.66,False,1,0,12,35,22,28