8008,7996,7975,7989,7973,7995,7986,7991,7983,7982,8007,8010,8011,8004,7997,8002,7997,8010,8006,8029,8001,8029,7994,8010,8028,8002,8012,8032,8012,8006,8012,8002,8023,8009,8020,8024,8016,8043,8023,8025,8031,8043,8024,8029,8019,8038,8033,8039,8036,8037,8030,8022,8014,8022,8032,8024,8039,8023,8006,8026,8038,8023,8044,8048,8018,8043,8015,8008,8019,8022,8026,8024,8000,8016,7997,8013,7979,8021,8004,7991,
8002,7987,7993,8004,7980,8012,8001,8012,8003,8001,7995,8003,8005,7989,7997,8005,7996,8004,7990,8015,8005,8022,7995,8020,8017,8015,8018,8033,8009,8013,8012,8002,8021,8006,8011,8020,8019,8041,8031,8024,8034,8016,8039,8023,8026,8029,8036,8034,8028,8048,8030,8030,8025,8007,8014,8043,8037,8034,8021,8026,8017,8031,8065,8020,8004,8021,8020,8006,8031,8017,8036,7996,8007,8019,7994,8004,8016,8003,8004,8028,
8017,7999,7978,7997,7976,8002,7994,8009,7997,8008,8024,7997,8001,7997,8011,7997,8011,8009,8005,8020,8013,8007,8000,8014,8018,7997,8015,8027,8012,8008,8008,8010,8009,8016,8027,8028,8019,8027,8023,8024,8022,8029,8035,8032,8031,8035,8049,8028,8029,8048,8024,8010,8015,8023,8026,8033,8040,8036,8007,8028,8040,8023,8031,8016,8021,8033,8012,8013,8024,8025,8031,8020,8001,8006,8013,8010,7997,8030,7985,8009,
8008,7987,8007,8013,7984,8011,8001,8011,8011,7995,8005,8004,8009,8003,8003,7998,8005,7995,7996,8021,8009,8007,8005,8014,8022,7991,8019,8041,8020,8005,8010,8006,8009,8025,8013,8020,8011,8040,8016,8018,8042,8018,8036,8025,8036,8031,8032,8031,8038,8038,8030,8023,8022,8036,8051,8019,8041,8031,8015,8035,8030,8028,8045,8039,8028,8016,8019,8010,8007,8013,8024,8011,8009,8012,8009,8000,8023,8029,8005,8019,
8013,8000,7993,8012,7978,7996,8003,8009,7986,8007,8025,8013,8007,8009,8013,8008,8015,8024,8013,8038,8011,8013,8012,8023,8027,8006,8017,8034,8021,8014,8025,8022,8020,8019,8025,8028,8021,8040,8034,8022,8028,8033,8034,8029,8031,8044,8038,8046,8033,8058,8026,8021,8024,8033,8038,8035,8041,8039,8024,8038,8029,8029,8042,8033,8023,8025,8031,8020,8024,8036,8030,8008,8010,8006,8000,8030,7991,8020,8009,8033,
8006,7997,8003,7993,7994,8008,8010,8032,8016,8002,8006,8004,8012,8001,8001,8006,8011,8000,8009,8023,8012,8025,8004,8019,8025,8014,8013,8025,8021,8019,8018,8015,8016,8028,8016,8028,8030,8035,8007,8012,8027,8026,8021,8016,8034,8022,8047,8033,8033,8055,8030,8022,8026,8032,8042,8041,8049,8032,8015,8043,8039,8035,8046,8019,8017,8045,8023,8034,8029,8023,8040,8031,8009,8007,8023,8013,8013,8031,8029,8027,
8015,7997,7997,7999,7990,8008,7984,8021,7988,7992,8014,8007,7995,7998,8016,8002,8011,8026,8001,8017,8015,8024,8013,8009,8010,8014,8018,8027,8017,8010,8014,8010,8019,8023,8020,8025,8023,8036,8029,8027,8039,8022,8041,8031,8043,8029,8044,8038,8032,8036,8033,8034,8026,8024,8036,8047,8046,8032,8008,8029,8042,8014,8044,8038,8017,8036,8029,8007,8028,8021,8032,8030,8022,8020,8007,8028,8017,8027,8005,8032,
8019,7999,7993,8003,7993,8013,8009,8001,7990,8002,8008,8010,8021,8011,8016,8010,8011,8011,8014,8015,8008,8014,8025,8007,8026,8006,8017,8029,8021,8025,8024,8015,8025,8031,8016,8044,8022,8053,8025,8030,8029,8034,8039,8040,8034,8045,8032,8047,8026,8040,8049,8037,8042,8040,8050,8034,8057,8045,8021,8042,8044,8023,8043,8040,8018,8037,8023,8024,8032,8025,8034,8040,8012,8029,8023,8023,8017,8042,8025,8022,
8009,8006,8017,8022,7986,8016,8013,8008,8005,8001,8005,8010,8004,7996,8017,8010,8018,8005,7994,8020,8018,8023,8010,8020,8023,8019,8023,8044,8021,8016,8027,8017,8020,8022,8027,8039,8032,8038,8032,8034,8047,8040,8042,8026,8032,8048,8031,8043,8041,8066,8046,8048,8046,8043,8041,8054,8050,8053,8008,8037,8034,8030,8038,8041,8022,8045,8010,8027,8032,8028,8040,8025,8030,8031,8025,8019,8020,8028,8014,8028,
8009,8013,8005,8014,7998,7995,8002,8021,8003,8000,8008,8023,8008,8021,8013,8015,8019,8007,8002,8027,8020,8026,8010,8030,8025,8025,8033,8040,8018,8025,8033,8019,8022,8031,8028,8039,8029,8031,8027,8055,8048,8042,8046,8042,8042,8057,8035,8045,8047,8063,8047,8065,8049,8043,8042,8041,8057,8046,8022,8039,8049,8046,8041,8038,8027,8045,8028,8007,8031,8036,8047,8022,8026,8019,8032,8005,8020,8022,8016,8021,
8009,8000,8012,8020,7997,7997,8020,8012,8007,8001,8013,8003,8018,8012,8025,8012,8022,8019,8016,8033,8021,8031,8009,8017,8028,8014,8032,8045,8025,8024,8020,8017,8031,8028,8043,8037,8030,8045,8037,8036,8033,8034,8043,8038,8039,8048,8057,8045,8050,8056,8060,8059,8060,8048,8044,8044,8067,8046,8028,8045,8058,8043,8047,8040,8014,8043,8031,8023,8042,8036,8040,8031,8028,8026,8012,8011,8020,8026,8001,8041,
8022,8004,8007,8025,8013,8012,8005,8021,8007,8005,8001,8003,8021,8029,8027,8016,8029,8013,8010,8023,8022,8027,8014,8027,8040,8024,8021,8045,8020,8020,8039,8019,8019,8041,8047,8048,8038,8057,8038,8056,8041,8044,8058,8033,8043,8044,8057,8044,8053,8064,8060,8069,8067,8040,8057,8043,8058,8054,8036,8042,8045,8051,8038,8031,8025,8040,8027,8023,8049,8036,8043,8028,8028,8035,8019,8012,8007,8043,8021,8038,
8022,8011,8022,8037,7999,8018,8003,8011,8003,8026,8015,8021,8017,8012,8018,8021,8018,8014,7995,8027,8022,8027,8029,8018,8038,8016,8033,8043,8028,8015,8030,8024,8030,8037,8049,8043,8042,8055,8032,8054,8044,8044,8064,8048,8052,8074,8075,8067,8070,8073,8064,8059,8056,8075,8064,8054,8071,8060,8022,8059,8055,8045,8068,8045,8026,8048,8023,8027,8035,8034,8030,8031,8040,8026,8022,8030,8030,8033,8014,8039,
8021,8022,8018,8027,8004,8023,8002,8028,8009,8002,8016,8016,8024,8025,8020,8016,8021,8023,8018,8029,8018,8031,8019,8030,8018,8023,8031,8045,8027,8029,8031,8037,8026,8035,8036,8039,8047,8044,8046,8049,8063,8040,8075,8051,8075,8088,8110,8115,8106,8081,8066,8062,8071,8068,8074,8052,8057,8060,8044,8036,8062,8051,8052,8038,8035,8058,8036,8034,8027,8028,8042,8019,8024,8025,8014,8028,8021,8030,8013,8024,
8032,8018,8022,8044,8005,8042,8026,8019,8009,8016,8014,8013,8018,8016,8017,8008,8016,8018,8021,8026,8022,8038,8008,8021,8025,8027,8039,8047,8037,8020,8039,8048,8019,8033,8037,8049,8038,8049,8035,8059,8064,8049,8059,8044,8067,8104,8128,8147,8139,8123,8108,8095,8079,8078,8075,8060,8068,8070,8039,8052,8063,8057,8055,8060,8031,8055,8027,8036,8039,8039,8045,8038,8026,8036,8015,8020,8029,8038,8010,8031,
8018,8025,8026,8035,8020,8019,8016,8023,8018,8019,8019,8020,8018,8018,8024,8023,8018,8022,8026,8018,8031,8037,8021,8025,8031,8036,8033,8051,8041,8035,8049,8038,8035,8043,8057,8048,8058,8069,8057,8055,8051,8050,8066,8051,8069,8072,8095,8117,8140,8163,8147,8151,8139,8113,8102,8082,8077,8071,8051,8057,8068,8063,8055,8046,8041,8058,8031,8019,8029,8043,8054,8035,8048,8030,8045,8042,8039,8036,8012,8027,
8036,8030,8033,8049,8018,8028,8024,8029,8035,8024,8009,8020,8038,8033,8027,8017,8021,8031,8017,8036,8037,8031,8012,8033,8040,8023,8042,8047,8041,8036,8047,8042,8044,8060,8042,8058,8061,8069,8047,8065,8065,8065,8063,8062,8054,8079,8070,8082,8095,8106,8132,8147,8162,8151,8139,8122,8110,8088,8067,8062,8070,8049,8069,8069,8040,8062,8045,8035,8030,8060,8051,8041,8027,8038,8028,8014,8026,8026,8010,8040,
8035,8029,8034,8046,8014,8036,8028,8033,8030,8022,8027,8030,8041,8036,8024,8025,8022,8034,8027,8038,8034,8036,8030,8041,8038,8036,8040,8066,8063,8052,8052,8061,8059,8067,8053,8059,8067,8073,8061,8065,8076,8070,8074,8061,8074,8082,8075,8090,8091,8102,8091,8105,8135,8156,8174,8163,8143,8122,8074,8091,8081,8063,8076,8063,8058,8056,8045,8045,8054,8049,8057,8028,8029,8037,8033,8022,8031,8034,8035,8035,
8041,8012,8022,8028,8017,8029,8025,8039,8022,8019,8030,8014,8037,8021,8010,8025,8019,8031,8027,8030,8032,8049,8034,8050,8054,8035,8056,8063,8061,8050,8055,8068,8077,8079,8053,8071,8072,8095,8074,8071,8068,8069,8078,8055,8064,8078,8073,8077,8102,8106,8094,8086,8098,8098,8144,8142,8181,8159,8108,8097,8087,8070,8070,8069,8050,8064,8053,8038,8047,8068,8049,8035,8044,8028,8020,8035,8035,8031,8009,8036,
8040,8026,8042,8034,8020,8024,8023,8020,8035,8016,8025,8028,8038,8034,8023,8018,8034,8045,8024,8031,8039,8054,8040,8048,8051,8055,8063,8085,8067,8068,8084,8074,8076,8089,8083,8092,8100,8086,8072,8080,8079,8083,8090,8069,8090,8077,8091,8082,8086,8098,8089,8080,8098,8099,8113,8124,8178,8172,8123,8137,8105,8080,8086,8077,8072,8077,8044,8036,8067,8064,8055,8056,8041,8042,8044,8025,8035,8029,8028,8041,
8029,8039,8036,8037,8006,8031,8040,8019,8026,8022,8038,8032,8029,8022,8029,8039,8024,8034,8032,8032,8038,8045,8038,8059,8076,8066,8061,8096,8081,8112,8116,8119,8126,8132,8118,8114,8115,8108,8093,8097,8107,8095,8102,8112,8100,8100,8101,8097,8098,8104,8098,8083,8099,8080,8113,8109,8155,8182,8148,8148,8158,8114,8098,8085,8062,8078,8052,8038,8050,8052,8064,8043,8036,8051,8024,8034,8028,8048,8035,8035,
8039,8038,8046,8045,8021,8032,8029,8029,8038,8029,8017,8023,8033,8026,8022,8027,8019,8034,8027,8037,8042,8056,8047,8078,8099,8088,8110,8139,8144,8140,8179,8188,8184,8195,8174,8179,8161,8148,8123,8129,8136,8124,8132,8129,8135,8128,8131,8118,8118,8130,8109,8092,8110,8108,8130,8126,8150,8165,8166,8158,8165,8133,8106,8090,8065,8087,8056,8056,8038,8056,8046,8031,8040,8033,8033,8030,8026,8044,8041,8036,
8043,8025,8035,8049,8017,8035,8030,8037,8045,8036,8027,8032,8035,8035,8028,8018,8032,8034,8033,8042,8036,8059,8062,8090,8116,8105,8130,8162,8165,8165,8178,8183,8189,8209,8191,8212,8202,8195,8160,8149,8166,8150,8141,8147,8133,8141,8121,8135,8130,8143,8139,8107,8131,8146,8164,8177,8170,8175,8163,8184,8181,8159,8144,8106,8090,8096,8065,8059,8058,8057,8072,8051,8043,8032,8025,8040,8031,8050,8030,8048,
8042,8039,8035,8040,8024,8033,8031,8028,8040,8026,8028,8032,8034,8041,8024,8028,8025,8033,8034,8037,8046,8053,8059,8071,8086,8081,8077,8106,8126,8124,8157,8174,8186,8196,8196,8196,8183,8190,8165,8155,8167,8166,8149,8140,8139,8135,8132,8139,8136,8138,8142,8128,8148,8146,8178,8165,8181,8186,8186,8193,8202,8179,8170,8128,8114,8125,8087,8061,8063,8069,8062,8037,8033,8041,8049,8025,8039,8032,8016,8032,
8044,8035,8041,8039,8014,8031,8027,8032,8022,8023,8028,8037,8033,8032,8035,8036,8031,8033,8026,8046,8049,8058,8046,8069,8074,8064,8080,8105,8096,8103,8119,8141,8128,8143,8147,8164,8167,8179,8157,8167,8165,8143,8151,8123,8149,8142,8130,8156,8133,8148,8150,8149,8147,8176,8173,8179,8199,8201,8171,8203,8192,8175,8194,8160,8152,8157,8138,8094,8067,8066,8070,8047,8035,8028,8027,8046,8039,8040,8043,8038,
8043,8034,8039,8034,8012,8039,8023,8029,8030,8023,8029,8031,8023,8028,8024,8044,8041,8048,8045,8043,8051,8051,8045,8055,8073,8064,8088,8085,8100,8088,8105,8117,8105,8128,8114,8131,8130,8151,8154,8159,8142,8142,8149,8143,8145,8142,8133,8142,8138,8148,8152,8144,8157,8191,8190,8184,8208,8191,8170,8177,8200,8183,8179,8160,8157,8190,8139,8093,8090,8068,8060,8058,8042,8037,8036,8040,8052,8052,8045,8037,
8047,8034,8046,8040,8020,8029,8027,8029,8029,8036,8020,8032,8025,8030,8036,8027,8027,8043,8030,8043,8043,8063,8052,8066,8056,8065,8076,8100,8079,8081,8092,8112,8096,8114,8109,8124,8122,8134,8137,8149,8147,8152,8151,8142,8149,8142,8144,8138,8134,8148,8160,8151,8162,8189,8179,8179,8226,8186,8172,8184,8208,8182,8184,8174,8178,8189,8165,8117,8080,8068,8060,8050,8043,8046,8038,8032,8036,8036,8031,8027,
8042,8042,8039,8025,8027,8046,8032,8046,8019,8027,8041,8031,8047,8031,8032,8027,8035,8039,8036,8059,8031,8055,8038,8060,8068,8049,8074,8092,8089,8086,8104,8104,8103,8109,8113,8113,8128,8135,8141,8158,8160,8147,8165,8141,8148,8155,8143,8149,8145,8161,8152,8146,8152,8180,8188,8174,8202,8186,8176,8200,8205,8186,8201,8185,8192,8208,8168,8107,8083,8077,8073,8063,8051,8033,8044,8043,8029,8048,8034,8045,
8042,8052,8041,8051,8025,8046,8043,8028,8033,8028,8035,8036,8035,8023,8033,8030,8023,8038,8031,8052,8046,8061,8060,8052,8061,8061,8081,8099,8082,8094,8102,8114,8116,8109,8118,8130,8143,8151,8156,8157,8156,8157,8163,8150,8166,8145,8143,8156,8143,8147,8162,8162,8152,8170,8183,8176,8202,8180,8178,8190,8196,8186,8188,8191,8162,8171,8113,8089,8075,8067,8071,8073,8053,8049,8049,8039,8042,8050,8022,8042,
8036,8038,8031,8036,8024,8045,8028,8024,8016,8012,8021,8030,8043,8031,8028,8024,8037,8024,8025,8047,8036,8051,8049,8058,8059,8070,8073,8094,8088,8092,8111,8120,8147,8169,8170,8186,8161,8186,8169,8174,8163,8158,8163,8144,8145,8151,8135,8141,8144,8149,8153,8141,8141,8160,8173,8161,8202,8167,8163,8196,8199,8188,8184,8141,8111,8108,8080,8072,8067,8067,8065,8047,8042,8044,8027,8037,8044,8058,8023,8032,
8036,8040,8033,8041,8019,8044,8040,8032,8028,8025,8034,8036,8028,8030,8037,8036,8034,8047,8039,8048,8051,8071,8047,8056,8077,8071,8082,8107,8120,8137,8169,8182,8208,8204,8209,8226,8221,8211,8174,8190,8172,8152,8162,8149,8160,8148,8138,8142,8131,8136,8152,8136,8148,8155,8156,8174,8186,8172,8160,8194,8185,8170,8172,8117,8097,8104,8080,8069,8061,8062,8060,8060,8052,8046,8033,8038,8038,8039,8031,8049,
8041,8033,8026,8033,8015,8030,8030,8042,8032,8022,8022,8034,8045,8043,8031,8033,8038,8037,8038,8042,8057,8061,8059,8088,8097,8093,8120,8142,8160,8168,8190,8199,8203,8214,8215,8225,8208,8203,8192,8160,8167,8164,8163,8160,8156,8151,8137,8145,8133,8148,8143,8127,8135,8146,8147,8150,8169,8156,8145,8175,8194,8175,8139,8097,8074,8095,8078,8061,8063,8072,8067,8059,8043,8050,8047,8045,8044,8063,8026,8031,
8036,8031,8044,8053,8015,8038,8032,8036,8036,8018,8039,8038,8042,8034,8032,8044,8056,8050,8027,8056,8042,8051,8073,8107,8106,8102,8147,8152,8170,8156,8178,8178,8199,8194,8186,8186,8164,8166,8142,8147,8153,8146,8156,8148,8145,8146,8142,8135,8136,8124,8116,8104,8115,8117,8114,8126,8135,8143,8154,8154,8176,8142,8125,8103,8083,8107,8080,8054,8084,8075,8069,8049,8041,8038,8041,8038,8027,8038,8035,8051,
8048,8035,8042,8044,8023,8031,8029,8032,8034,8037,8039,8039,8039,8049,8042,8016,8044,8039,8041,8056,8049,8051,8054,8095,8113,8079,8098,8116,8106,8111,8113,8129,8140,8142,8134,8119,8116,8118,8115,8117,8131,8110,8135,8116,8116,8126,8114,8106,8102,8111,8092,8090,8102,8102,8115,8103,8123,8125,8151,8160,8163,8122,8111,8097,8087,8092,8078,8055,8082,8064,8059,8051,8024,8043,8038,8049,8034,8038,8041,8039,
8047,8032,8037,8043,8026,8037,8049,8048,8033,8027,8041,8033,8037,8033,8026,8031,8027,8038,8044,8052,8041,8051,8044,8060,8068,8060,8078,8095,8078,8085,8080,8099,8080,8107,8097,8098,8096,8088,8097,8105,8099,8081,8093,8088,8072,8098,8098,8101,8092,8105,8081,8085,8100,8094,8097,8099,8114,8145,8148,8152,8125,8101,8111,8096,8072,8099,8076,8062,8062,8053,8062,8056,8046,8023,8024,8041,8062,8058,8047,8040,
8046,8035,8040,8035,8031,8034,8028,8040,8044,8025,8047,8034,8051,8032,8029,8044,8041,8048,8049,8051,8046,8059,8047,8063,8061,8058,8083,8078,8070,8072,8074,8083,8086,8078,8086,8081,8081,8093,8074,8077,8087,8076,8094,8084,8076,8078,8095,8084,8093,8108,8086,8085,8092,8095,8092,8106,8115,8148,8147,8151,8124,8091,8102,8096,8083,8087,8064,8056,8060,8067,8046,8051,8042,8045,8035,8027,8049,8034,8037,8043,
8052,8040,8033,8041,8023,8039,8030,8040,8033,8033,8035,8030,8040,8043,8041,8033,8039,8054,8039,8046,8040,8058,8051,8061,8044,8052,8062,8070,8070,8065,8061,8076,8066,8071,8069,8083,8073,8086,8066,8095,8080,8067,8074,8076,8088,8082,8081,8092,8093,8100,8084,8076,8081,8088,8104,8094,8121,8160,8155,8143,8115,8083,8101,8085,8055,8076,8062,8054,8077,8050,8056,8042,8027,8042,8046,8046,8037,8037,8028,8045,
8041,8034,8044,8041,8012,8041,8037,8034,8039,8037,8049,8048,8044,8025,8028,8038,8043,8031,8040,8055,8040,8062,8043,8060,8061,8055,8056,8069,8062,8054,8062,8059,8071,8064,8058,8067,8069,8078,8064,8079,8073,8071,8068,8070,8069,8086,8074,8071,8070,8096,8082,8068,8076,8081,8102,8086,8111,8141,8151,8156,8138,8089,8091,8077,8048,8082,8065,8045,8052,8067,8056,8040,8040,8033,8044,8033,8035,8049,8044,8041,
8051,8025,8047,8040,8019,8027,8034,8042,8026,8020,8038,8035,8033,8037,8036,8039,8027,8042,8035,8045,8047,8056,8044,8063,8061,8045,8063,8079,8063,8053,8056,8065,8059,8066,8058,8060,8062,8072,8067,8068,8073,8059,8074,8064,8072,8073,8073,8074,8070,8084,8070,8061,8075,8068,8086,8090,8084,8110,8127,8155,8159,8108,8109,8092,8051,8090,8066,8062,8054,8046,8069,8046,8039,8041,8048,8030,8060,8058,8047,8044,
8045,8047,8031,8039,8027,8026,8034,8033,8033,8026,8052,8046,8041,8037,8043,8019,8056,8027,8046,8051,8039,8059,8037,8054,8050,8044,8063,8073,8065,8051,8045,8059,8059,8052,8064,8059,8064,8062,8066,8065,8071,8068,8069,8071,8058,8069,8074,8067,8076,8070,8066,8053,8069,8068,8071,8087,8090,8080,8079,8113,8139,8113,8133,8107,8061,8070,8065,8047,8073,8062,8063,8043,8044,8038,8031,8034,8055,8045,8036,8045,
8039,8035,8035,8053,8025,8023,8022,8038,8029,8028,8035,8029,8052,8043,8039,8033,8036,8043,8036,8046,8044,8046,8024,8039,8041,8034,8056,8064,8050,8040,8053,8040,8043,8064,8048,8064,8059,8060,8052,8073,8068,8052,8068,8057,8067,8054,8056,8066,8053,8070,8071,8052,8072,8059,8077,8075,8085,8080,8055,8080,8093,8091,8118,8095,8050,8076,8049,8053,8059,8059,8062,8048,8040,8045,8043,8034,8042,8051,8037,8053,
8045,8036,8036,8034,8026,8045,8030,8040,8022,8021,8036,8034,8044,8034,8023,8035,8051,8035,8045,8040,8025,8044,8030,8044,8042,8031,8037,8066,8047,8047,8047,8059,8050,8060,8058,8046,8056,8062,8048,8069,8068,8052,8067,8056,8057,8057,8067,8055,8059,8070,8058,8052,8054,8059,8070,8065,8086,8085,8064,8084,8091,8079,8093,8068,8050,8081,8055,8042,8063,8060,8058,8049,8039,8035,8042,8033,8043,8044,8030,8046,
8041,8033,8025,8044,8026,8030,8023,8029,8020,8014,8029,8035,8050,8037,8029,8025,8037,8040,8032,8047,8026,8044,8028,8031,8039,8017,8044,8061,8060,8035,8047,8037,8046,8060,8049,8053,8055,8052,8041,8065,8064,8055,8054,8050,8051,8055,8056,8056,8053,8057,8058,8043,8063,8047,8058,8062,8084,8070,8053,8076,8074,8055,8057,8044,8045,8073,8034,8047,8054,8054,8050,8052,8034,8036,8041,8031,8058,8051,8037,8037,
8046,8042,8035,8041,8016,8039,8039,8042,8019,8037,8041,8041,8034,8042,8015,8030,8029,8037,8040,8038,8034,8053,8027,8031,8040,8032,8042,8064,8050,8029,8045,8048,8046,8056,8043,8039,8053,8060,8056,8056,8057,8058,8065,8054,8059,8054,8073,8040,8064,8052,8062,8057,8069,8052,8058,8066,8086,8071,8046,8070,8068,8065,8069,8046,8063,8073,8049,8048,8066,8037,8048,8047,8038,8044,8044,8031,8036,8049,8021,8050,
8046,8023,8038,8041,8030,8034,8049,8038,8035,8026,8039,8037,8036,8037,8025,8031,8042,8039,8042,8035,8035,8034,8025,8033,8036,8019,8044,8064,8040,8040,8037,8043,8035,8044,8035,8052,8061,8063,8049,8066,8058,8044,8046,8047,8055,8049,8059,8050,8048,8070,8048,8051,8060,8053,8053,8065,8082,8062,8045,8055,8073,8062,8070,8058,8046,8073,8045,8036,8052,8045,8061,8044,8033,8042,8029,8035,8042,8046,8042,8031,
8038,8023,8044,8043,8026,8028,8032,8054,8030,8033,8050,8030,8044,8038,8034,8041,8038,8049,8031,8027,8031,8036,8029,8027,8033,8019,8029,8065,8038,8033,8031,8039,8043,8046,8039,8047,8046,8057,8044,8064,8059,8058,8060,8047,8056,8050,8057,8044,8038,8061,8059,8045,8065,8044,8056,8054,8069,8056,8027,8049,8072,8048,8064,8057,8037,8068,8043,8042,8045,8057,8057,8047,8038,8036,8037,8034,8049,8047,8031,8040,
8042,8021,8026,8047,8028,8034,8030,8036,8029,8029,8040,8049,8043,8036,8029,8024,8051,8046,8035,8029,8030,8032,8021,8021,8026,8019,8037,8055,8045,8035,8027,8032,8039,8046,8040,8047,8042,8044,8046,8047,8065,8052,8060,8057,8048,8057,8038,8050,8048,8049,8049,8047,8059,8044,8047,8050,8060,8067,8037,8058,8068,8055,8054,8051,8045,8058,8035,8043,8063,8066,8049,8049,8029,8032,8036,8044,8056,8058,8032,8040,
8057,8033,8032,8042,8033,8044,8039,8042,8043,8032,8034,8043,8036,8046,8036,8032,8057,8028,8026,8031,8034,8047,8037,8036,8048,8034,8052,8063,8041,8045,8046,8046,8039,8052,8035,8052,8059,8073,8049,8054,8056,8054,8059,8046,8057,8055,8055,8053,8046,8063,8054,8054,8052,8063,8050,8057,8076,8050,8035,8054,8059,8056,8061,8059,8045,8067,8061,8042,8057,8058,8049,8040,8040,8039,8040,8043,8040,8045,8036,8053,
8047,8041,8044,8037,8041,8050,8042,8038,8039,8036,8053,8038,8044,8035,8045,8037,8045,8040,8038,8048,8048,8047,8025,8035,8048,8029,8049,8048,8044,8034,8045,8049,8050,8031,8041,8051,8056,8062,8036,8043,8057,8043,8051,8038,8051,8054,8054,8059,8054,8063,8049,8035,8039,8042,8051,8043,8066,8061,8049,8056,8053,8053,8064,8057,8058,8062,8053,8050,8057,8050,8059,8038,8037,8056,8040,8039,8054,8040,8036,8043,
8058,8040,8030,8045,8034,8047,8042,8042,8043,8036,8046,8031,8047,8037,8020,8031,8037,8039,8028,8035,8042,8047,8032,8043,8026,8035,8029,8053,8033,8029,8048,8042,8048,8054,8035,8052,8048,8053,8044,8045,8049,8054,8042,8050,8051,8056,8052,8043,8047,8054,8055,8031,8050,8057,8059,8050,8066,8057,8038,8069,8069,8059,8057,8058,8027,8056,8040,8038,8064,8057,8056,8042,8037,8042,8032,8030,8055,8052,8055,8037,
8044,8036,8043,8039,8036,8039,8039,8048,8039,8033,8038,8046,8036,8045,8034,8026,8039,8035,8031,8044,8023,8041,8022,8036,8041,8037,8051,8056,8050,8043,8040,8038,8039,8046,8039,8049,8053,8050,8049,8038,8050,8050,8055,8041,8059,8054,8049,8044,8055,8060,8040,8035,8049,8048,8057,8055,8060,8045,8040,8058,8064,8065,8055,8041,8033,8051,8038,8043,8045,8072,8047,8053,8036,8045,8046,8030,8039,8058,8038,8050,
8048,8024,8024,8042,8038,8037,8049,8040,8034,8036,8041,8036,8035,8037,8028,8022,8032,8035,8040,8044,8026,8040,8028,8042,8031,8034,8041,8051,8044,8040,8043,8037,8030,8042,8034,8042,8048,8050,8049,8028,8047,8052,8059,8040,8044,8047,8063,8046,8053,8061,8042,8044,8056,8055,8042,8038,8059,8042,8041,8053,8075,8046,8066,8063,8029,8051,8038,8040,8042,8048,8060,8048,8046,8044,8029,8050,8050,8055,8045,8057,
8031,8024,8040,8040,8032,8043,8036,8059,8027,8039,8040,8042,8034,8028,8030,8027,8037,8045,8042,8039,8025,8049,8030,8038,8028,8033,8035,8053,8046,8024,8029,8047,8034,8041,8035,8045,8039,8059,8039,8035,8040,8060,8049,8053,8052,8055,8053,8059,8053,8055,8047,8046,8048,8056,8058,8027,8054,8049,8057,8074,8077,8056,8056,8065,8045,8046,8047,8055,8046,8051,8053,8054,8043,8040,8060,8047,8062,8064,8035,8057,
8033,8019,8027,8033,8025,8037,8042,8041,8045,8025,8028,8024,8042,8033,8036,8029,8029,8031,8023,8046,8036,8034,8030,8037,8032,8019,8041,8057,8051,8033,8041,8034,8049,8065,8047,8046,8047,8061,8043,8048,8049,8037,8042,8045,8056,8050,8060,8052,8053,8062,8046,8043,8055,8055,8039,8040,8048,8059,8042,8061,8050,8043,8051,8062,8033,8059,8052,8025,8051,8040,8060,8050,8045,8048,8068,8048,8038,8053,8054,8036,
8030,8031,8032,8040,8014,8051,8046,8047,8050,8029,8043,8036,8030,8033,8041,8025,8036,8047,8030,8034,8026,8037,8031,8037,8035,8045,8043,8053,8034,8021,8032,8037,8042,8053,8039,8053,8046,8053,8052,8047,8054,8045,8055,8042,8049,8052,8046,8059,8062,8068,8050,8039,8053,8043,8054,8057,8059,8053,8057,8045,8053,8053,8055,8062,8043,8052,8048,8032,8061,8054,8053,8060,8046,8048,8045,8080,8062,8086,8050,8078,
8049,8019,8024,8041,8041,8028,8037,8049,8041,8032,8047,8039,8041,8035,8035,8021,8047,8034,8037,8041,8043,8043,8031,8045,8034,8033,8027,8060,8050,8036,8041,8043,8049,8044,8045,8043,8049,8061,8045,8057,8050,8050,8052,8037,8065,8049,8071,8049,8047,8058,8057,8035,8059,8047,8055,8054,8057,8062,8040,8048,8057,8047,8055,8046,8029,8060,8040,8032,8060,8067,8063,8064,8055,8063,8076,8070,8104,8095,8085,8081,
8031,8028,8035,8035,8041,8046,8044,8035,8031,8022,8040,8042,8056,8040,8034,8024,8041,8040,8039,8036,8031,8034,8024,8042,8053,8019,8045,8059,8040,8042,8041,8052,8042,8040,8042,8043,8052,8051,8033,8057,8057,8050,8052,8045,8057,8054,8056,8042,8053,8081,8046,8041,8055,8061,8064,8055,8063,8056,8039,8052,8075,8057,8041,8050,8033,8069,8068,8041,8048,8069,8058,8055,8055,8059,8075,8076,8120,8104,8109,8132,
8026,8026,8029,8046,8025,8046,8047,8042,8041,8043,8038,8038,8043,8026,8035,8030,8023,8045,8036,8038,8040,8046,8025,8046,8038,8033,8037,8060,8046,8030,8042,8032,8038,8037,8043,8057,8068,8060,8054,8062,8057,8057,8066,8047,8060,8061,8053,8050,8060,8065,8049,8058,8058,8052,8056,8070,8072,8051,8040,8059,8057,8063,8046,8045,8038,8068,8044,8048,8051,8048,8062,8062,8068,8079,8090,8105,8125,8110,8112,8121,
8037,8023,8041,8033,8022,8039,8038,8056,8023,8028,8034,8048,8051,8040,8044,8030,8026,8038,8042,8036,8036,8032,8036,8040,8040,8037,8040,8051,8046,8037,8040,8047,8037,8042,8049,8058,8057,8066,8060,8060,8058,8056,8057,8059,8062,8070,8050,8060,8074,8071,8066,8050,8057,8041,8059,8060,8049,8053,8047,8065,8069,8054,8060,8046,8044,8071,8041,8045,8047,8062,8065,8050,8050,8071,8103,8107,8115,8139,8118,8130,
8021,8030,8017,8030,8034,8025,8038,8039,8014,8029,8035,8038,8042,8028,8028,8035,8033,8042,8029,8053,8035,8046,8026,8054,8038,8014,8047,8048,8044,8036,8042,8035,8033,8054,8048,8070,8060,8073,8053,8063,8062,8047,8057,8056,8062,8062,8057,8066,8071,8078,8074,8058,8055,8053,8064,8051,8054,8059,8044,8068,8078,8060,8061,8058,8043,8085,8065,8057,8054,8075,8064,8069,8054,8071,8077,8092,8119,8135,8135,8118,
30.05,27.20,False,1,0,16,20,19,48