7998,7972,7985,7984,8003,8007,7983,8003,7988,8001,8005,7999,8002,7997,7988,7995,8002,8016,8014,8005,8012,8029,7993,8007,8013,7997,8031,8025,8018,8013,8013,8010,8000,8014,8016,8013,8011,8030,8006,8024,8014,8041,8014,8028,8028,8031,8009,8040,8028,8027,8035,8018,8009,8035,8028,8017,8021,8015,8011,8022,8035,8020,8034,8022,8001,8020,8008,8015,8011,8025,8017,8005,7995,7998,7999,7996,7995,8002,7996,8005,
7999,7975,7995,8011,8007,7999,8000,7995,8020,8000,7996,7985,7992,7995,7992,7999,8007,8015,8007,7990,8001,8006,7989,8014,8010,8004,8019,8026,8007,8013,8014,8000,7999,7995,8016,8028,8022,8034,8024,8019,8021,8022,8028,8013,8017,8035,8031,8026,8025,8025,8007,8024,8013,8021,8028,8021,8024,8017,8026,8018,8027,8026,8049,8021,8003,8020,8021,8010,8011,8010,8031,7991,7995,8004,7983,8013,7998,8003,8000,8001,
7992,7973,7981,8004,8004,8008,8009,8004,7990,8003,8002,7985,8007,7992,8018,7995,8003,8019,8014,7997,8018,8006,7989,8015,8016,7992,8019,8026,8022,8007,8012,7998,7999,8003,8012,8027,8017,8026,8018,8018,8004,8027,8010,8016,8030,8035,8030,8027,8020,8042,8014,8011,8013,8042,8021,8028,8024,8029,8007,8035,8034,8032,8024,8029,8013,8014,8004,8011,8021,8035,8019,8004,7990,8014,8005,7987,7989,8014,8017,8009,
7990,7983,8002,8011,8009,8016,8007,8006,8012,7995,7997,7993,7994,7999,8010,7999,8014,8010,7996,8017,8018,8009,8000,8009,8020,7993,8024,8028,8026,8009,8006,8018,8010,8006,8017,8023,8012,8027,8010,8008,8026,8024,8028,8014,8031,8020,8021,8025,8031,8023,8022,8014,8014,8043,8038,8022,8017,8027,8015,8022,8037,8030,8027,8019,8010,8020,8008,8015,8008,8024,8033,8022,7992,8017,8003,7978,8018,7999,8008,8012,
7998,7995,8008,8010,7995,8008,7999,8012,8002,8002,8010,7994,7993,8004,8009,8004,8009,8025,8007,8008,8006,8000,8003,8018,8015,8002,8023,8032,8023,8018,8021,8020,8003,7998,8016,8031,8018,8027,8015,8010,8017,8035,8024,8022,8014,8043,8024,8034,8032,8042,8025,8015,8018,8029,8029,8031,8022,8027,8035,8027,8028,8030,8031,8016,8003,8008,8020,8024,8018,8028,8028,8002,7996,8016,8002,8003,7989,8000,8002,8016,
7990,7992,7998,8012,8001,8019,8008,8015,8012,8001,8010,7993,8004,7989,7994,8007,8018,8018,8004,8014,8010,8026,7993,8018,8021,8001,8029,8029,8024,8000,8006,8011,7995,8013,8019,8024,8010,8025,8012,8024,8009,8015,8020,8010,8031,8028,8024,8023,8030,8039,8015,8020,8011,8026,8031,8027,8022,8008,8007,8035,8016,8035,8040,8035,8010,8022,8010,8029,8042,8035,8030,8014,8009,8010,8025,7987,8016,8018,8024,8015,
8001,7992,8002,8002,8001,8014,7996,8017,8001,7999,7992,7996,8007,7997,8016,8011,8010,8022,8019,7997,8010,8017,8003,8016,8008,8004,8017,8041,8026,8013,8010,8019,8008,8025,8023,8021,8023,8024,8017,8029,8030,8017,8028,8023,8038,8014,8029,8027,8029,8018,8020,8020,8023,8029,8038,8040,8022,8017,8010,8027,8037,8026,8043,8029,8009,8036,8019,8018,8022,8026,8025,8021,8021,8020,8013,8009,8020,8022,8002,8007,
8007,7987,7995,8013,8005,8018,8001,8013,7998,8008,8007,8005,8009,8004,8020,8000,8008,8024,8014,8016,8019,8025,8017,8024,8016,7994,8027,8032,8025,8020,8020,8023,8014,8029,8018,8034,8019,8047,8029,8025,8028,8025,8032,8027,8023,8031,8017,8039,8034,8042,8035,8035,8022,8026,8040,8022,8035,8035,8021,8036,8037,8033,8023,8022,8003,8021,8015,8013,8022,8036,8029,8022,8007,8035,8015,8003,8020,8010,8014,8028,
8002,7996,8011,8027,7999,8022,8011,8005,8009,8007,8016,8003,8013,8007,8006,8021,8026,8007,8005,8003,8019,8019,7997,8015,8035,8011,8035,8033,8025,8014,8031,8019,8018,8006,8019,8019,8029,8034,8017,8016,8031,8029,8031,8016,8034,8045,8030,8017,8031,8046,8028,8038,8031,8028,8037,8042,8032,8032,8000,8029,8029,8028,8024,8032,8022,8033,8009,8023,8033,8038,8036,8015,8025,8017,8033,8018,8021,8020,8003,8028,
7990,7983,8007,8011,8001,8014,7997,8013,8015,7990,8006,8012,8018,8001,8010,8006,8015,8008,8013,8017,8019,8026,8005,8009,8018,8005,8027,8030,8017,8021,8031,8014,8010,8013,8015,8023,8021,8027,8013,8044,8027,8036,8029,8019,8033,8052,8028,8028,8026,8035,8031,8042,8028,8041,8046,8039,8029,8027,8020,8042,8049,8028,8043,8043,8019,8022,8029,8017,8032,8031,8043,8011,8019,8016,8036,8003,8016,8011,8016,8031,
7995,8008,8008,8019,8003,8005,8021,8003,8005,8004,8010,7996,8013,8014,8018,8019,8006,8010,8021,8020,8020,8022,8003,8001,8019,7996,8026,8038,8028,8020,8029,8010,8024,8014,8028,8029,8024,8035,8024,8034,8015,8029,8029,8026,8032,8035,8037,8036,8036,8050,8019,8044,8033,8031,8048,8035,8050,8038,8023,8040,8049,8032,8045,8039,8024,8030,8023,8025,8023,8039,8042,8012,8014,8025,8007,8003,8017,8024,7998,8023,
8007,8007,8008,8025,8030,8005,8015,8015,8008,8004,7993,8011,8019,8016,8012,8031,8022,8011,8021,8010,8023,8015,8021,8012,8032,8010,8022,8044,8021,8026,8026,8028,8022,8011,8026,8024,8041,8042,8033,8029,8030,8040,8035,8022,8033,8039,8040,8029,8032,8043,8026,8042,8048,8040,8035,8047,8038,8039,8025,8047,8036,8027,8039,8030,8022,8032,8023,8016,8023,8043,8024,8012,8024,8025,8027,7993,8007,8015,8021,8048,
8006,8016,8008,8038,8005,8038,8020,8013,7997,8008,8020,8012,8002,8016,8022,8015,8007,8019,8025,8010,8017,8022,8017,8018,8023,8013,8035,8043,8023,8008,8026,8016,8020,8027,8030,8014,8031,8035,8035,8042,8029,8038,8030,8024,8026,8033,8041,8028,8039,8048,8035,8036,8040,8054,8052,8039,8045,8044,8019,8048,8052,8033,8061,8044,8012,8036,8036,8019,8021,8041,8043,8029,8024,8019,8028,8014,8021,8017,8013,8021,
8009,8016,8009,8023,8019,8016,8011,8017,8008,8013,8023,8004,8018,8026,8017,8025,8022,8018,8026,8017,8021,8015,8022,8025,8027,8011,8036,8048,8021,8027,8033,8038,8018,8028,8012,8027,8038,8044,8031,8030,8047,8026,8051,8043,8038,8040,8048,8040,8046,8040,8027,8038,8045,8060,8058,8046,8044,8031,8037,8024,8044,8046,8046,8034,8034,8036,8027,8031,8019,8037,8036,8028,8014,8034,8025,8018,8025,8022,8015,8024,
8032,8023,8019,8040,8006,8030,8031,8021,8016,8015,8025,8011,8024,8004,8016,8012,8024,8031,8027,8017,8026,8027,8012,8020,8016,8004,8038,8038,8029,8027,8044,8040,8023,8014,8028,8036,8050,8045,8030,8040,8049,8033,8043,8032,8044,8047,8046,8045,8054,8045,8043,8060,8038,8042,8056,8046,8053,8048,8027,8050,8056,8040,8058,8059,8031,8050,8028,8036,8035,8044,8043,8017,8023,8024,8023,7998,8024,8033,8028,8026,
8024,8022,8029,8027,8026,8030,8018,8009,8017,8026,8022,8025,8012,8023,8027,8025,8022,8031,8036,8008,8026,8018,8009,8017,8029,8032,8042,8046,8021,8033,8036,8036,8040,8044,8038,8035,8038,8056,8040,8044,8041,8041,8048,8027,8048,8050,8052,8038,8058,8075,8047,8059,8055,8068,8075,8060,8048,8066,8051,8061,8059,8055,8058,8044,8033,8062,8021,8019,8037,8045,8033,8026,8034,8033,8035,8028,8028,8031,8024,8031,
8020,8015,8038,8038,8017,8028,8029,8028,8017,8027,8014,8014,8026,8023,8031,8022,8021,8026,8025,8030,8032,8032,8017,8039,8042,8020,8048,8050,8050,8025,8037,8052,8032,8059,8041,8050,8059,8049,8048,8062,8064,8051,8058,8052,8056,8072,8056,8056,8071,8061,8068,8074,8086,8091,8095,8089,8079,8079,8065,8077,8075,8065,8072,8076,8042,8051,8032,8037,8044,8049,8046,8042,8037,8043,8027,8010,8024,8026,8031,8031,
8006,8005,8029,8048,8032,8031,8024,8024,8028,8027,8026,8025,8029,8029,8017,8027,8023,8026,8020,8033,8034,8035,8022,8029,8047,8032,8057,8053,8057,8056,8042,8063,8041,8057,8049,8045,8056,8064,8048,8066,8064,8049,8060,8061,8062,8060,8066,8063,8062,8087,8066,8071,8084,8103,8104,8105,8094,8100,8102,8151,8126,8091,8081,8071,8064,8045,8037,8042,8042,8044,8037,8030,8025,8039,8036,8015,8033,8025,8023,8028,
8033,8012,8028,8013,8016,8029,8028,8031,8024,8014,8022,8013,8026,8024,8025,8032,8014,8021,8016,8040,8046,8043,8037,8045,8046,8034,8057,8060,8062,8050,8057,8065,8057,8058,8042,8050,8064,8067,8064,8072,8064,8051,8063,8052,8069,8062,8063,8056,8077,8073,8064,8077,8077,8080,8118,8097,8106,8129,8140,8170,8156,8136,8109,8072,8053,8049,8035,8041,8055,8074,8045,8021,8028,8031,8031,8024,8029,8047,8034,8036,
8024,8012,8027,8034,8016,8032,8024,8017,8021,8028,8024,8025,8040,8018,8026,8015,8034,8032,8023,8018,8041,8048,8051,8050,8057,8052,8069,8068,8058,8065,8065,8070,8058,8066,8061,8075,8084,8067,8062,8064,8075,8074,8084,8058,8080,8071,8080,8066,8079,8078,8065,8078,8074,8094,8111,8093,8119,8156,8130,8156,8179,8163,8140,8102,8078,8072,8046,8045,8053,8052,8044,8030,8031,8035,8056,8003,8031,8026,8030,8030,
8027,8028,8028,8043,8003,8014,8039,8026,8027,8026,8025,8019,8028,8022,8025,8020,8033,8032,8026,8036,8051,8047,8042,8058,8061,8059,8066,8080,8070,8075,8068,8073,8056,8073,8067,8077,8078,8094,8082,8082,8093,8085,8095,8070,8081,8083,8083,8076,8088,8097,8063,8083,8086,8088,8103,8089,8139,8177,8145,8152,8148,8137,8147,8132,8099,8098,8059,8045,8060,8054,8053,8028,8025,8037,8030,8026,8041,8037,8031,8031,
8024,8014,8043,8032,8024,8034,8032,8024,8023,8031,8013,8009,8021,8029,8022,8027,8030,8034,8022,8033,8044,8048,8047,8055,8088,8064,8080,8099,8085,8074,8094,8096,8069,8100,8091,8089,8085,8091,8092,8097,8105,8096,8105,8093,8098,8101,8084,8090,8106,8109,8085,8095,8103,8111,8125,8132,8158,8181,8159,8150,8151,8102,8095,8127,8124,8136,8097,8061,8054,8054,8037,8033,8028,8036,8044,8010,8027,8029,8031,8036,
8023,8028,8029,8036,8021,8036,8026,8039,8031,8030,8038,8017,8037,8027,8026,8032,8029,8032,8029,8052,8044,8064,8053,8080,8100,8085,8128,8135,8136,8124,8131,8121,8100,8115,8100,8112,8121,8133,8128,8123,8138,8124,8122,8128,8126,8128,8128,8119,8121,8111,8109,8123,8132,8144,8162,8174,8169,8186,8156,8152,8152,8111,8104,8107,8122,8132,8101,8066,8052,8064,8066,8044,8030,8035,8044,8021,8031,8045,8030,8048,
8026,8024,8030,8042,8008,8036,8032,8039,8028,8032,8037,8040,8040,8028,8039,8042,8030,8045,8040,8057,8060,8081,8100,8124,8143,8158,8183,8192,8191,8175,8187,8184,8153,8155,8128,8149,8137,8155,8149,8140,8151,8129,8129,8120,8135,8125,8130,8133,8139,8149,8137,8158,8159,8177,8200,8186,8176,8189,8158,8166,8152,8124,8127,8111,8096,8118,8080,8065,8059,8048,8062,8031,8017,8043,8049,8022,8045,8041,8034,8041,
8019,8028,8030,8049,8015,8026,8028,8030,8036,8039,8032,8033,8038,8028,8035,8042,8039,8048,8054,8084,8113,8121,8133,8150,8168,8162,8191,8220,8201,8207,8201,8213,8190,8169,8168,8167,8149,8157,8152,8144,8146,8121,8139,8127,8144,8143,8146,8160,8151,8169,8180,8180,8177,8204,8203,8200,8200,8194,8170,8167,8144,8136,8127,8110,8112,8093,8080,8074,8065,8052,8058,8026,8026,8031,8034,8014,8031,8044,8036,8032,
8017,8016,8040,8042,8024,8034,8028,8035,8040,8034,8033,8031,8029,8029,8038,8036,8056,8047,8078,8089,8097,8104,8097,8109,8136,8139,8178,8188,8197,8183,8201,8194,8176,8169,8171,8167,8150,8152,8146,8153,8131,8141,8140,8139,8132,8136,8143,8153,8163,8185,8186,8192,8186,8217,8212,8199,8194,8195,8178,8178,8167,8171,8157,8138,8120,8134,8083,8071,8075,8062,8051,8031,8033,8040,8040,8021,8041,8049,8045,8043,
8033,8023,8034,8047,8032,8046,8026,8022,8037,8034,8028,8033,8021,8028,8037,8037,8058,8061,8040,8074,8072,8080,8070,8086,8083,8103,8123,8144,8131,8142,8140,8146,8150,8150,8149,8159,8143,8143,8142,8149,8145,8140,8143,8124,8142,8153,8157,8169,8177,8200,8185,8197,8200,8211,8206,8196,8179,8178,8169,8173,8194,8185,8180,8155,8127,8130,8088,8072,8071,8064,8048,8036,8033,8034,8040,8016,8029,8019,8032,8043,
8027,8024,8041,8043,8037,8044,8035,8049,8032,8047,8044,8034,8037,8039,8038,8045,8045,8039,8047,8053,8064,8069,8060,8086,8088,8075,8117,8122,8098,8106,8124,8125,8130,8131,8145,8155,8148,8154,8141,8150,8141,8128,8132,8125,8159,8147,8166,8176,8191,8193,8198,8189,8179,8204,8194,8181,8180,8181,8164,8180,8201,8191,8189,8160,8121,8114,8087,8075,8062,8064,8051,8044,8033,8033,8041,8003,8035,8037,8023,8047,
8026,8030,8044,8060,8032,8055,8047,8017,8030,8044,8042,8024,8037,8030,8041,8044,8037,8049,8047,8058,8072,8078,8087,8078,8087,8095,8118,8141,8124,8120,8134,8136,8143,8141,8167,8150,8160,8158,8147,8142,8142,8151,8155,8143,8156,8159,8162,8179,8189,8192,8187,8196,8195,8205,8212,8206,8186,8180,8153,8176,8202,8209,8194,8159,8098,8086,8072,8064,8076,8059,8050,8042,8039,8042,8046,8022,8035,8037,8020,8037,
8047,8025,8038,8041,8022,8042,8027,8021,8028,8033,8030,8032,8030,8020,8036,8027,8048,8048,8053,8075,8079,8080,8078,8098,8094,8126,8154,8187,8184,8177,8179,8188,8189,8170,8166,8176,8149,8154,8144,8147,8129,8153,8145,8139,8150,8157,8156,8164,8183,8188,8198,8202,8192,8212,8213,8199,8206,8189,8170,8185,8208,8210,8195,8136,8098,8083,8066,8059,8064,8065,8053,8043,8022,8036,8035,8016,8035,8047,8022,8037,
8010,8027,8017,8049,8036,8040,8036,8024,8041,8041,8035,8033,8019,8035,8052,8053,8042,8066,8084,8102,8110,8125,8114,8136,8156,8166,8193,8228,8219,8213,8230,8227,8204,8179,8164,8171,8159,8156,8139,8158,8137,8131,8136,8130,8152,8161,8148,8154,8164,8179,8183,8191,8187,8198,8203,8215,8201,8207,8172,8168,8159,8153,8126,8110,8088,8084,8071,8057,8060,8053,8052,8041,8032,8044,8029,8025,8025,8032,8037,8042,
8034,8025,8032,8048,8021,8036,8033,8048,8034,8036,8040,8032,8032,8043,8050,8035,8046,8055,8074,8098,8115,8115,8132,8151,8167,8176,8198,8212,8222,8216,8217,8228,8202,8180,8174,8164,8156,8159,8153,8164,8150,8137,8141,8140,8141,8145,8149,8155,8165,8173,8168,8170,8185,8203,8203,8208,8197,8195,8171,8157,8140,8131,8109,8104,8079,8090,8072,8060,8061,8064,8063,8033,8041,8046,8046,8030,8032,8044,8025,8028,
8037,8015,8029,8057,8018,8046,8039,8037,8035,8026,8033,8031,8040,8031,8052,8038,8056,8056,8050,8063,8079,8082,8086,8105,8128,8128,8170,8188,8181,8169,8176,8168,8166,8143,8138,8160,8162,8162,8155,8148,8146,8130,8130,8128,8145,8138,8137,8138,8153,8149,8149,8154,8157,8165,8179,8170,8183,8187,8160,8151,8133,8111,8101,8111,8105,8101,8077,8069,8056,8068,8062,8039,8023,8038,8040,8032,8022,8033,8041,8026,
8036,8024,8038,8045,8021,8040,8030,8047,8037,8035,8026,8026,8036,8040,8052,8024,8046,8042,8028,8049,8060,8071,8056,8076,8094,8077,8111,8132,8116,8110,8110,8112,8109,8105,8103,8122,8121,8140,8112,8128,8136,8118,8126,8119,8111,8120,8111,8110,8120,8123,8104,8103,8114,8134,8129,8127,8157,8159,8166,8143,8129,8102,8122,8115,8117,8101,8063,8052,8064,8072,8055,8037,8028,8050,8053,8027,8006,8036,8034,8027,
8039,8034,8026,8056,8032,8042,8042,8039,8031,8033,8026,8026,8032,8034,8043,8015,8045,8042,8033,8051,8038,8054,8050,8063,8072,8070,8091,8091,8089,8097,8083,8097,8077,8089,8086,8100,8090,8091,8083,8108,8101,8075,8085,8088,8084,8097,8089,8097,8094,8101,8086,8099,8105,8107,8108,8106,8126,8151,8144,8128,8131,8111,8138,8130,8119,8095,8065,8053,8052,8067,8060,8045,8030,8030,8037,8025,8050,8041,8029,8021,
8033,8024,8029,8044,8026,8043,8038,8036,8034,8029,8041,8028,8049,8019,8027,8026,8046,8043,8044,8031,8052,8058,8049,8065,8070,8061,8089,8086,8082,8073,8083,8085,8082,8065,8089,8082,8091,8095,8069,8078,8085,8076,8085,8083,8078,8085,8087,8084,8098,8101,8082,8087,8082,8104,8101,8099,8100,8144,8148,8161,8151,8165,8156,8135,8095,8087,8071,8052,8053,8066,8047,8039,8034,8042,8037,8002,8038,8041,8025,8024,
8037,8027,8021,8051,8025,8052,8039,8032,8033,8028,8027,8030,8039,8033,8042,8033,8050,8050,8025,8040,8052,8057,8050,8062,8048,8044,8071,8085,8075,8059,8063,8079,8072,8070,8070,8070,8068,8090,8074,8076,8084,8075,8076,8072,8082,8075,8071,8091,8073,8087,8075,8074,8088,8094,8090,8095,8100,8142,8147,8161,8169,8168,8148,8100,8074,8064,8069,8052,8060,8055,8053,8028,8025,8044,8057,8019,8039,8026,8034,8043,
8034,8025,8027,8054,8027,8040,8044,8025,8040,8030,8045,8034,8039,8017,8037,8031,8035,8033,8038,8036,8038,8058,8052,8054,8053,8063,8075,8080,8063,8065,8077,8068,8064,8053,8056,8069,8065,8084,8063,8074,8071,8066,8069,8056,8067,8089,8067,8072,8065,8083,8073,8069,8075,8090,8091,8080,8083,8105,8129,8154,8155,8133,8091,8076,8063,8073,8069,8039,8044,8060,8050,8021,8024,8039,8049,8023,8034,8030,8036,8036,
8041,8009,8042,8054,8017,8039,8038,8041,8032,8022,8027,8032,8033,8032,8044,8028,8045,8039,8029,8024,8052,8044,8049,8052,8061,8037,8072,8077,8069,8064,8062,8071,8062,8066,8054,8063,8062,8076,8054,8067,8075,8058,8061,8064,8072,8072,8064,8071,8069,8077,8063,8062,8061,8074,8079,8081,8074,8095,8099,8127,8120,8087,8078,8082,8048,8064,8064,8055,8042,8061,8065,8043,8032,8041,8046,8022,8051,8039,8046,8030,
8040,8024,8028,8036,8028,8044,8027,8042,8033,8034,8049,8036,8036,8027,8050,8023,8048,8027,8048,8028,8044,8055,8032,8044,8043,8047,8059,8071,8061,8053,8048,8066,8053,8050,8058,8056,8064,8075,8056,8074,8069,8056,8052,8068,8065,8065,8069,8068,8068,8060,8061,8073,8055,8068,8071,8082,8076,8075,8063,8072,8092,8072,8079,8067,8040,8058,8058,8046,8060,8062,8052,8028,8028,8042,8039,8026,8048,8033,8049,8043,
8030,8033,8025,8036,8016,8041,8034,8025,8031,8045,8035,8031,8024,8024,8037,8033,8035,8044,8035,8039,8048,8042,8019,8042,8048,8048,8056,8061,8049,8048,8054,8044,8053,8048,8049,8053,8055,8066,8044,8057,8065,8048,8062,8059,8059,8055,8058,8066,8057,8069,8055,8047,8057,8055,8064,8065,8065,8066,8048,8061,8070,8061,8060,8053,8047,8055,8047,8049,8055,8051,8068,8047,8026,8047,8037,8023,8026,8043,8045,8042,
8031,8026,8025,8030,8018,8047,8030,8031,8024,8033,8023,8029,8030,8029,8034,8036,8048,8046,8050,8050,8042,8047,8028,8044,8043,8035,8058,8056,8048,8050,8048,8042,8049,8051,8053,8045,8057,8058,8043,8047,8052,8048,8051,8052,8053,8055,8059,8073,8050,8059,8048,8049,8034,8063,8064,8068,8083,8063,8071,8054,8069,8068,8077,8066,8036,8061,8051,8042,8042,8053,8049,8045,8035,8026,8040,8023,8024,8036,8026,8049,
8016,8029,8017,8038,8019,8035,8035,8023,8020,8038,8038,8018,8029,8022,8040,8026,8038,8044,8034,8028,8048,8040,8024,8039,8054,8025,8036,8057,8061,8042,8042,8046,8045,8044,8043,8058,8056,8054,8032,8051,8049,8049,8051,8045,8047,8053,8049,8068,8054,8052,8049,8044,8045,8055,8047,8049,8054,8064,8050,8047,8061,8049,8047,8054,8026,8056,8033,8045,8041,8048,8040,8020,8022,8022,8034,8022,8040,8044,8037,8033,
8026,8018,8040,8030,8026,8042,8041,8043,8034,8031,8041,8031,8027,8025,8032,8038,8031,8040,8031,8017,8040,8042,8026,8045,8044,8041,8043,8046,8043,8037,8043,8043,8043,8025,8032,8038,8058,8061,8044,8045,8043,8047,8055,8049,8051,8054,8057,8046,8054,8043,8040,8049,8041,8068,8047,8063,8062,8063,8052,8051,8052,8044,8058,8040,8038,8058,8040,8033,8057,8043,8044,8035,8028,8045,8032,8022,8022,8052,8026,8035,
8027,8033,8042,8024,8026,8039,8050,8035,8034,8033,8040,8026,8020,8022,8026,8022,8040,8025,8029,8026,8038,8031,8016,8029,8031,8022,8047,8048,8032,8048,8032,8042,8040,8036,8038,8043,8058,8057,8042,8048,8052,8048,8045,8040,8042,8044,8053,8037,8063,8053,8032,8040,8047,8061,8049,8045,8064,8049,8053,8054,8063,8062,8065,8055,8037,8054,8048,8041,8035,8044,8045,8033,8016,8036,8031,8015,8031,8040,8029,8038,
8026,8021,8019,8042,8029,8043,8038,8037,8036,8037,8048,8031,8018,8026,8032,8030,8044,8040,8029,8011,8041,8031,8024,8030,8038,8021,8036,8055,8035,8028,8040,8037,8036,8031,8033,8029,8043,8054,8030,8047,8043,8053,8044,8032,8045,8042,8050,8041,8048,8053,8053,8029,8047,8053,8044,8049,8046,8041,8042,8042,8055,8042,8045,8050,8033,8054,8040,8035,8040,8049,8046,8024,8025,8041,8036,8020,8034,8033,8034,8031,
8014,8012,8026,8044,8024,8038,8042,8032,8038,8034,8052,8033,8020,8025,8035,8031,8039,8048,8027,8023,8042,8040,8018,8039,8040,8037,8041,8039,8047,8041,8031,8031,8040,8046,8036,8052,8053,8054,8034,8032,8058,8054,8054,8056,8048,8058,8051,8056,8043,8042,8038,8031,8040,8054,8035,8052,8048,8061,8039,8041,8058,8054,8049,8051,8034,8048,8035,8042,8056,8056,8054,8039,8031,8036,8028,8026,8036,8041,8008,8054,
8032,8039,8039,8039,8025,8051,8044,8044,8042,8031,8043,8044,8020,8028,8036,8029,8046,8021,8022,8033,8045,8039,8030,8036,8045,8040,8061,8048,8042,8044,8036,8036,8039,8030,8024,8048,8051,8065,8033,8034,8045,8046,8052,8037,8056,8047,8042,8051,8056,8053,8045,8051,8037,8062,8044,8054,8045,8054,8051,8045,8053,8043,8052,8057,8042,8043,8036,8044,8038,8041,8041,8025,8024,8033,8045,8023,8025,8044,8036,8040,
8038,8015,8023,8051,8037,8046,8041,8036,8048,8046,8024,8029,8033,8010,8026,8032,8029,8032,8027,8029,8049,8043,8022,8025,8059,8034,8047,8057,8036,8029,8041,8041,8047,8028,8048,8044,8056,8047,8018,8035,8046,8034,8049,8036,8043,8050,8039,8044,8062,8047,8050,8026,8038,8036,8043,8043,8047,8041,8041,8055,8054,8044,8058,8048,8054,8049,8056,8036,8046,8045,8058,8028,8038,8048,8042,8023,8026,8037,8016,8031,
8027,8021,8019,8027,8033,8052,8029,8030,8044,8034,8033,8016,8035,8028,8026,8035,8033,8024,8031,8038,8041,8041,8032,8038,8044,8036,8034,8052,8033,8025,8039,8044,8046,8030,8026,8051,8041,8045,8027,8041,8045,8047,8042,8054,8056,8051,8049,8040,8033,8045,8042,8025,8047,8054,8053,8035,8052,8043,8032,8048,8065,8047,8053,8040,8031,8047,8044,8048,8054,8048,8048,8017,8025,8034,8051,8006,8043,8047,8041,8017,
8025,8026,8026,8036,8028,8039,8042,8031,8023,8030,8028,8032,8033,8023,8032,8022,8019,8035,8018,8033,8021,8026,8023,8034,8034,8036,8046,8051,8042,8029,8046,8027,8040,8040,8036,8041,8058,8041,8029,8048,8044,8044,8052,8041,8043,8045,8040,8034,8055,8038,8036,8025,8047,8036,8046,8049,8025,8042,8040,8052,8047,8046,8061,8044,8025,8049,8030,8034,8041,8058,8058,8020,8029,8036,8046,8027,8028,8037,8031,8025,
8015,8020,8015,8041,8021,8036,8034,8030,8033,8045,8039,8026,8014,8029,8020,8011,8023,8037,8034,8040,8033,8040,8016,8031,8036,8032,8037,8049,8045,8032,8040,8047,8032,8034,8040,8044,8045,8046,8042,8038,8050,8046,8036,8039,8054,8051,8052,8047,8045,8056,8034,8046,8048,8034,8037,8040,8042,8037,8039,8053,8064,8030,8045,8052,8025,8042,8041,8041,8029,8032,8028,8032,8037,8035,8036,8035,8009,8047,8025,8037,
8026,8016,8033,8036,8007,8046,8029,8025,8020,8029,8021,8025,8022,8026,8022,8029,8022,8041,8019,8034,8049,8046,8040,8029,8038,8029,8043,8047,8036,8027,8033,8041,8028,8027,8039,8036,8047,8044,8015,8044,8044,8056,8045,8044,8041,8054,8044,8055,8045,8050,8042,8040,8046,8043,8046,8033,8043,8032,8032,8057,8060,8051,8049,8045,8029,8036,8050,8048,8036,8024,8051,8022,8014,8036,8049,8024,8036,8059,8030,8014,
8018,8018,8007,8027,8019,8039,8028,8040,8034,8030,8023,8012,8021,8024,8019,8031,8024,8029,8019,8040,8030,8038,8018,8033,8045,8014,8028,8040,8053,8027,8036,8036,8034,8045,8046,8038,8033,8042,8033,8047,8043,8038,8038,8037,8048,8055,8041,8047,8044,8052,8032,8030,8042,8049,8037,8039,8033,8045,8032,8042,8046,8042,8044,8056,8050,8045,8043,8033,8043,8033,8058,8033,8024,8039,8062,8036,8029,8045,8050,8029,
8040,8030,8023,8036,8009,8055,8038,8022,8041,8035,8029,8022,8028,8024,8032,8013,8034,8033,8029,8022,8038,8045,8030,8031,8046,8043,8050,8053,8044,8019,8034,8035,8032,8037,8051,8040,8053,8057,8039,8060,8041,8033,8038,8044,8038,8061,8041,8056,8047,8056,8047,8034,8048,8051,8042,8046,8044,8046,8045,8045,8053,8045,8050,8046,8028,8053,8047,8016,8047,8054,8055,8032,8038,8061,8043,8041,8035,8053,8023,8040,
8029,8005,8014,8024,8019,8042,8030,8027,8040,8020,8028,8013,8031,8021,8030,8018,8027,8029,8030,8037,8041,8037,8018,8028,8039,8039,8031,8062,8046,8020,8042,8045,8042,8031,8035,8037,8040,8057,8037,8047,8047,8054,8057,8047,8048,8048,8045,8056,8050,8049,8050,8040,8049,8054,8053,8052,8044,8043,8040,8041,8051,8041,8056,8040,8021,8040,8049,8035,8038,8057,8047,8033,8030,8044,8061,8034,8059,8047,8046,8028,
8039,8020,8025,8038,8032,8046,8033,8034,8044,8030,8037,8041,8025,8035,8038,8029,8041,8033,8028,8026,8046,8028,8029,8032,8055,8031,8038,8060,8035,8022,8040,8039,8042,8031,8044,8053,8053,8064,8035,8053,8049,8052,8044,8051,8057,8045,8044,8064,8050,8074,8039,8038,8039,8056,8063,8041,8045,8031,8033,8045,8062,8052,8054,8056,8043,8036,8053,8041,8034,8045,8069,8046,8035,8047,8056,8053,8077,8076,8072,8067,
8024,8020,8033,8047,8013,8044,8023,8028,8038,8043,8037,8037,8032,8017,8043,8021,8042,8031,8033,8031,8044,8049,8021,8025,8042,8040,8039,8058,8033,8018,8042,8030,8033,8025,8042,8047,8050,8058,8046,8054,8047,8050,8067,8041,8044,8052,8045,8044,8053,8060,8036,8038,8040,8040,8046,8053,8041,8037,8043,8041,8042,8044,8039,8048,8025,8040,8043,8048,8045,8047,8059,8041,8042,8059,8079,8077,8077,8087,8086,8081,
8025,8029,8039,8051,8027,8047,8033,8039,8034,8032,8046,8027,8026,8035,8042,8025,8024,8034,8035,8030,8062,8031,8017,8020,8034,8030,8034,8049,8050,8029,8035,8034,8034,8045,8044,8051,8048,8060,8044,8045,8046,8054,8059,8052,8057,8057,8051,8064,8075,8064,8045,8043,8049,8044,8054,8053,8044,8036,8038,8060,8057,8055,8047,8042,8029,8047,8037,8044,8049,8053,8066,8042,8058,8068,8098,8095,8100,8119,8095,8099,
8021,8032,8022,8034,8047,8037,8028,8028,8028,8035,8034,8023,8010,8023,8028,8023,8035,8028,8034,8033,8040,8035,8039,8028,8048,8018,8039,8043,8039,8034,8040,8032,8032,8047,8056,8047,8058,8058,8047,8067,8058,8050,8050,8057,8053,8061,8046,8064,8051,8072,8057,8059,8040,8047,8060,8037,8042,8045,8040,8058,8053,8052,8052,8053,8028,8054,8052,8040,8050,8063,8069,8056,8043,8089,8110,8088,8105,8108,8119,8108,
29.97,27.20,False,1,0,15,19,19,48