7954,7949,7966,7980,7971,7970,7952,7952,7974,7958,7975,7952,7966,7990,7984,7957,7974,7970,7943,7963,7967,7953,7960,7970,7973,7962,7968,7958,7955,7958,7951,7960,7977,7966,7969,7980,7988,7971,7975,7974,7983,7979,7984,7959,7975,7972,7974,7968,7969,7996,7972,7976,7954,7961,7975,7970,7979,7970,7995,7969,7981,7978,7977,7974,7982,7986,7977,7981,7981,7993,8000,7962,7967,7951,7956,7978,7960,7958,7981,7966,
7954,7956,7959,7976,7966,7964,7953,7952,7984,7962,7979,7975,7968,7992,7987,7974,7969,7983,7968,7966,7966,7966,7971,7971,7973,7964,7968,7984,7944,7955,7961,7964,7972,7974,7962,7959,7981,7971,7965,7980,7977,7982,7969,7974,7984,7978,7975,7987,7960,7987,7962,7976,7969,7975,7986,7974,7971,7976,7996,7982,7977,7962,7980,7963,7979,7966,7983,7973,7971,7968,7995,7977,7973,7945,7958,7947,7944,7962,7972,7935,
7950,7958,7956,7971,7981,7981,7942,7962,7987,7965,7961,7962,7978,7973,7983,7966,7971,7985,7978,7963,7981,7979,7957,7970,7958,7959,7965,7978,7955,7953,7952,7972,7962,7983,7977,7964,7978,7977,7973,7975,7973,7980,7971,7961,7978,7978,7979,7975,7967,7972,7957,7983,7980,7974,7980,7956,7979,7986,7993,7975,7981,7969,7964,7965,7965,7959,7987,7977,7975,7980,7981,7968,7975,7944,7955,7937,7951,7985,7977,7967,
7972,7958,7967,7972,7975,7994,7963,7970,7973,7973,7976,7981,7971,7985,7975,7955,7980,7976,7963,7977,7981,7973,7964,7961,7971,7972,7969,7974,7969,7964,7968,7961,7972,7983,7974,7974,7988,7969,7968,7978,7975,7978,7976,7966,7975,7988,7987,7969,7965,7999,7968,7974,7963,7976,7989,7966,7992,7962,7987,7974,7976,7969,7972,7969,7974,7966,7981,7988,7970,7983,7980,7979,7976,7950,7953,7971,7976,7958,7961,7939,
7947,7964,7959,7978,7980,7985,7954,7973,7983,7970,7972,7976,7981,7975,7974,7975,7969,7976,7972,7968,7977,7980,7964,7979,7973,7963,7965,7986,7959,7975,7961,7966,7980,7975,7986,7979,7997,7980,7980,7975,7971,7964,7970,7969,7981,7978,7985,7973,7975,7987,7960,7982,7973,7971,7980,7978,7983,7971,7999,7984,7983,7974,7971,7988,7979,7971,7974,7980,7975,7987,7983,7981,7983,7950,7967,7959,7965,7970,7971,7952,
7937,7953,7968,7981,7970,7977,7964,7964,7979,7980,7984,7966,7983,7974,7987,7964,7973,7981,7966,7965,7977,7977,7981,7980,7971,7968,7957,7978,7948,7968,7958,7966,7967,7973,7970,7977,7994,7985,7981,7978,7979,7962,7970,7977,7989,7977,7988,7960,7974,7991,7971,7983,7972,7971,7997,7970,7984,7997,7995,7980,7977,7979,7971,7975,7972,7973,7991,7981,7971,7984,7988,7979,7978,7962,7965,7969,7971,7974,7974,7981,
7973,7979,7954,7974,7986,7957,7957,7989,7981,7960,7975,7959,7964,7958,7978,7961,7962,7976,7964,7973,7975,7981,7975,7963,7968,7960,7962,7973,7973,7961,7962,7963,7978,7980,7971,7969,7980,7983,7986,7979,7987,7978,7959,7970,7973,7994,7984,7981,7970,7995,7978,7991,7979,7988,7982,7978,7970,7981,7991,8006,7983,7972,7981,7977,7977,7976,7981,7976,7967,7969,7987,7990,8004,7954,7976,7961,7969,7969,7982,7975,
7969,7956,7960,7974,7973,7999,7962,7956,7969,7974,7972,7982,7971,7959,7967,7971,7964,7972,7969,7964,7958,7975,7972,7974,7970,7958,7951,7981,7968,7968,7983,7963,7976,7984,7988,7972,7987,7981,7976,7977,7974,7989,7986,7972,7978,7986,7973,7974,7974,8000,7954,7983,7975,7974,7990,7981,7990,7972,7994,7990,7985,7976,7990,7962,7972,7978,7983,7981,7960,7976,7984,7979,7980,7971,7963,7961,7957,7978,7988,7968,
7956,7983,7975,7984,7973,7969,7964,7965,7983,7963,7982,7961,7955,7970,7957,7966,7968,7975,7963,7992,7973,7981,7978,7972,7988,7969,7958,7968,7968,7971,7974,7970,7979,7987,7979,7976,7991,7986,7969,7969,7982,7985,7970,7981,7983,7989,7984,7981,7989,7984,7967,7967,7985,7976,7993,7971,7981,7981,7990,7980,7993,7970,7993,7979,7981,7988,8002,7991,7978,7980,7995,7983,7990,7967,7971,7979,7984,7977,7986,7990,
7974,7961,7968,7970,7977,7960,7943,7953,7962,7963,7975,7973,7955,7972,7965,7971,7964,7966,7961,7971,7976,7985,7975,7968,7973,7965,7959,7967,7952,7977,7979,7968,7980,7978,7971,7984,7999,7965,7972,7979,7978,7972,7983,7972,7974,7992,7986,7972,7970,7999,7978,7982,7984,7982,7979,7973,7974,7990,8000,7986,7969,7978,7979,7979,7978,7986,7989,7987,7971,7966,7997,7967,7982,7983,7975,7982,7982,7968,7970,7970,
7967,7970,7969,7977,7979,7967,7958,7949,7966,7950,7993,7954,7952,7959,7956,7956,7967,7967,7965,7995,7981,7990,7970,7968,7969,7967,7967,7967,7970,7981,7965,7965,7967,7997,7976,7987,7982,7978,7985,7964,7987,7985,7980,7975,7987,7981,7979,7977,7980,7991,7969,7980,7985,7983,7984,7975,7997,7976,7998,7979,7981,7982,7988,7979,7971,7988,8001,7988,7973,7978,7995,7969,7984,7982,7976,7988,7969,7984,7973,7986,
7959,7965,7975,7977,7986,7975,7949,7967,7965,7974,7977,7964,7971,7978,7970,7970,7958,7964,7978,7976,7974,7974,7972,7979,7973,7975,7961,7977,7965,7973,7962,7972,7977,7977,7981,7982,7995,7983,7988,7972,7988,7976,7972,7974,7995,7981,7977,7972,7985,7987,7981,7984,7978,7983,7990,7980,7976,7991,7991,7998,7988,7979,7982,7974,7987,7985,7996,7977,7982,7976,7986,7977,7993,7976,7963,7974,7971,7975,7992,7971,
7962,7982,7974,7973,7985,7982,7952,7952,7956,7967,7980,7975,7962,7973,7966,7961,7971,7971,7964,7984,7971,7972,7971,7955,7978,7962,7963,7971,7972,7975,7972,7983,7977,7987,7984,7983,7993,7984,7978,7977,7983,7979,7990,7981,7994,7984,7974,7978,7986,8003,7975,7990,7982,7987,8004,7988,7998,7989,7998,7997,7995,7990,7992,7975,7975,7976,8001,7987,7954,7966,7985,7976,7987,7970,7986,7981,7979,7989,7992,7997,
7981,7986,7978,7989,7976,7973,7952,7952,7960,7960,7982,7964,7968,7975,7969,7966,7968,7965,7955,7981,7971,7977,7980,7968,7974,7977,7966,7967,7967,7978,7965,7972,7978,7987,7987,7989,7999,7995,7972,7973,7990,7970,7983,7972,7977,7992,7986,7985,7987,8000,7979,7986,7980,7978,7981,7986,7996,7990,8007,8000,7996,7985,7983,7990,7975,7990,7999,8000,7989,7977,8003,7978,7998,7971,7980,7994,7985,7984,7995,7983,
7966,7987,7987,7989,7980,7981,7966,7969,7967,7967,7975,7970,7969,7975,7968,7968,7966,7978,7977,7977,7969,7975,7978,7962,7980,7965,7975,7964,7983,7973,7970,7983,7974,7987,7974,7979,7998,7979,7972,7981,7980,7978,7979,7975,7983,7985,7977,7972,7970,7999,7980,7978,7978,7984,8006,7985,7995,7989,8007,7991,7999,7984,7981,7988,7982,7993,7996,7986,7975,7973,8000,7982,7979,7982,7987,7974,7981,8000,7996,7991,
7978,7982,7981,7983,7984,7984,7957,7963,7974,7981,7973,7974,7981,7968,7969,7975,7978,7973,7972,7980,7963,7971,7981,7971,7962,7974,7965,7984,7963,7972,7961,7970,7977,7987,7980,7977,8003,7970,7981,7964,7988,7989,7988,7976,7978,7982,7984,7968,7982,8000,7973,7995,7986,7973,7997,7993,7986,7986,7993,7988,7990,7972,7993,7978,7973,7993,7994,7992,7992,7979,7997,7983,8009,7990,7995,7987,7989,7991,7999,8007,
7977,7991,7989,7995,7982,7991,7974,7985,7971,7970,7971,7978,7973,7973,7978,7959,7964,7958,7978,7977,7975,7967,7970,7976,7978,7987,7974,7973,7980,7977,7967,7984,7989,7992,7980,7982,8002,7981,7971,7984,7995,7972,7979,7991,7985,7983,7983,7971,7996,7979,7984,7990,7980,7984,7983,7982,7989,7990,7993,7987,7992,7998,8000,7982,7991,7983,7997,7994,7986,7984,7994,7986,7997,7970,8005,8005,7982,7993,7990,8025,
7984,7993,7974,8001,7974,7995,7975,7969,7987,7981,7983,7979,7972,7983,7969,7948,7968,7972,7973,7981,7977,7987,7978,7978,7968,7971,7982,7979,7977,7990,7986,7984,8004,7999,7984,7998,8012,7984,7972,7974,8010,7983,7979,7986,7981,7993,7987,7976,7988,7989,7986,7985,7986,7983,7991,7989,7991,7990,8001,7984,7993,7988,7990,7996,7992,7993,8004,7988,7989,7975,7994,7994,7998,7985,7995,8004,7993,8003,8033,8054,
7987,7982,7978,7988,7975,7998,7960,7974,7976,7972,7986,7972,7965,7965,7977,7960,7962,7962,7977,7989,7977,7976,7973,7967,7974,7982,7971,7983,7974,7969,7968,7991,7999,8001,7990,7986,8023,7982,7973,7983,7994,7985,7985,7984,7987,8003,7984,7975,7987,7997,7972,7997,7972,7993,8011,7997,7994,8000,7997,7992,8010,7997,8008,7983,7989,7998,8010,8008,7988,7988,7994,8000,7999,7972,7995,8004,7993,8018,8054,8067,
7977,7976,7988,7994,7967,7984,7950,7978,7963,7974,7987,7975,7973,7959,7971,7958,7957,7964,7971,7979,7991,7983,7991,7970,7979,7979,7985,7972,7975,7972,7983,7978,7988,8004,7992,7994,8005,7992,7973,7982,7989,7995,7988,7980,7988,7997,7985,7983,7978,7994,7981,7995,7975,7987,8005,7990,7999,7992,7993,7995,8009,7995,7999,7992,7995,7982,8027,8001,7985,7980,8007,7998,8008,7994,8014,8003,8011,8036,8042,8050,
7986,7980,7995,8000,7981,7979,7972,7959,7964,7968,7994,7973,7967,7968,7974,7968,7985,7974,7979,7976,7987,7986,7987,7977,7979,7977,7988,7980,7988,7985,7989,7990,7996,8000,8001,7988,8019,7991,7969,7993,8002,7990,8001,7992,7980,8000,7992,7982,7980,7996,7990,7993,7988,7999,7991,7996,7991,7998,8003,7998,8000,7985,8006,7998,7982,7995,8009,7994,7998,7990,7993,7999,8018,7996,8013,8017,8026,8066,8056,8031,
7980,7995,7989,8001,7986,7996,7968,7973,7972,7967,7987,7969,7975,7965,7963,7968,7971,7970,7979,7982,7976,7981,7985,7975,7988,7981,7976,7982,7983,7989,7996,7995,7996,8008,7997,8002,8018,7986,7985,7981,7990,7994,7998,7986,7989,8011,7988,7979,7986,8001,7968,8005,8000,7985,8004,7999,7999,7994,8005,7989,8005,7997,7998,7989,7995,8000,8013,8008,7994,7987,8009,8004,8022,8004,8009,8016,8031,8064,8069,8048,
7984,7972,7985,7997,7987,7998,7968,7972,7979,7963,7976,7973,7963,7966,7970,7973,7963,7980,7971,7985,7977,7991,7978,7979,7985,7985,7985,7977,7974,7988,7994,7986,7995,8003,7996,8001,8006,7993,7982,7989,8004,7991,7998,7985,7993,7992,7988,7974,7993,7993,7995,8004,7973,7995,8000,7986,7997,7997,8008,7996,8007,7996,8014,7997,7993,8003,8013,8002,7984,7999,8015,8015,8013,8016,8049,8038,8042,8067,8071,8069,
7989,8002,7998,8001,7975,7997,7965,7970,7982,7970,7973,7974,7974,7971,7967,7967,7963,7976,7970,7983,7983,7975,7984,7979,7979,7979,7980,7997,7997,7983,7988,7995,7992,8006,8004,7994,8022,8002,7985,7980,8001,7987,7996,7985,7991,7995,7982,7975,7996,8012,7982,7990,7999,7997,8011,7989,7987,7991,8008,7988,8002,8004,7997,8004,7999,8002,8014,8015,8008,7991,8019,8026,8028,8028,8041,8044,8051,8060,8066,8079,
7978,7987,7982,7990,7980,7995,7987,7971,7968,7975,7986,7977,7977,7989,7974,7973,7964,7977,7969,7975,7976,7995,7987,7980,7985,7985,7997,7993,7970,7998,7987,7989,7987,7994,8002,7999,8004,7998,7989,7991,8006,7996,7996,7997,8001,7997,8000,7998,7996,7997,7989,7997,7995,7995,8006,7991,8001,8013,7999,8008,7996,7995,8002,7987,7992,7996,8011,7994,8024,8002,8030,8014,8038,8047,8025,8038,8062,8081,8087,8095,
7985,7981,7986,7996,7984,7994,7974,7987,7989,7977,7994,7976,7975,7967,7982,7966,7962,7990,7987,7966,7978,7991,7987,7977,7981,7977,7987,7988,7997,7996,7997,7995,7988,7995,7993,8010,8011,7994,7994,7991,7999,8004,7995,7999,7993,8007,8001,7989,8004,8004,7992,7991,7993,8001,7995,7994,8012,8005,8011,8008,8001,8001,8003,7998,8004,8000,8023,8023,8035,8049,8051,8034,8042,8046,8021,8039,8056,8083,8088,8104,
7975,7981,7989,7988,7998,7992,7972,7977,7983,7987,7979,7991,7977,7970,7981,7977,7975,7972,7970,7991,7981,7994,7990,7981,7983,7986,7998,7997,7996,7982,7995,7991,7995,8002,7994,8002,8022,8003,7995,7995,8008,7988,8000,7999,7985,8009,8001,7996,7996,8007,7991,8004,7992,7996,8005,8006,8007,8002,8009,7988,8000,7998,8013,8012,7998,7997,8014,8010,8023,8025,8040,8030,8034,8037,8035,8049,8062,8075,8074,8124,
7987,7981,7987,7983,7986,7988,7977,7973,7981,7983,7981,7968,7976,7987,7977,7976,7960,7972,7982,7977,7981,7990,7975,7982,7967,7979,7993,7993,7990,8001,7999,7977,7993,8008,7990,8011,8013,8004,7994,7996,7999,7997,7997,7992,8011,8009,7994,7992,7995,8006,8001,8005,7994,8014,8004,8000,8007,7998,8011,8008,8011,8003,8008,8004,8000,8011,8014,8010,8014,8002,8034,8013,8035,8019,8023,8040,8058,8102,8090,8097,
7975,7993,7991,7993,8000,7993,7981,7984,7984,7980,7986,7982,7977,7976,7988,7980,7973,7974,7984,7983,7992,7995,7989,7975,7982,7998,7994,7997,7985,7995,7996,7986,7992,8011,7991,7992,8021,8008,7997,8005,8000,7988,8003,7990,8010,8003,8002,7996,8009,8010,7995,8000,7991,7992,8005,7994,7985,8003,8008,8004,8012,8022,8003,8001,8003,8008,8005,8005,8005,8016,8055,8024,8025,8045,8041,8046,8066,8074,8081,8086,
7981,7995,7991,7996,7998,8003,7968,7970,7986,7993,7987,7979,7978,7983,7983,7989,7976,7976,7981,7983,7975,7995,7994,7982,7977,7994,7986,7995,7991,7993,7990,8003,8001,7999,7988,7996,8011,7997,7991,7997,8006,7987,7999,7995,7998,8009,7989,7992,7997,8002,7996,8004,7999,8000,8009,7995,7992,7998,8003,8009,8013,7994,8009,7999,8001,8010,8026,8017,8010,8035,8058,8035,8033,8049,8046,8058,8036,8071,8082,8083,
7976,7979,7986,8000,8000,7985,7985,7973,7981,7987,7992,7985,7976,7984,7983,7977,7982,7982,7983,7985,7977,8002,8007,7977,7995,7984,7996,7991,7993,7986,7996,7993,8001,8008,7992,7985,8017,8010,7996,7997,7999,7995,7992,7993,7998,8012,8003,7988,8002,8007,7987,7990,7997,7997,7995,7988,8003,8003,8019,8003,8003,7995,8006,8015,8003,8003,8005,8015,8004,8012,8038,8019,8030,8038,8053,8044,8044,8073,8072,8073,
7975,7978,7989,7995,7993,7992,7975,7979,7993,7974,7991,7973,7975,7978,7981,7983,7980,7973,7983,7982,7988,7992,7986,7967,7986,7993,7994,7989,7990,7983,7996,7997,8003,8005,7993,7996,8011,7993,7999,7995,8006,8000,7993,7990,8008,8004,8010,7982,7995,7998,7999,8002,7997,7991,8006,7991,7991,7995,8011,7991,8018,8006,8006,8000,7992,8004,8015,8008,7998,7993,8022,8019,8019,8025,8009,8044,8046,8057,8070,8067,
7980,7995,8002,8000,7985,7993,7984,7970,7996,7985,7985,7974,7979,7971,7991,7975,7973,7977,7995,7986,7976,7990,7994,7965,7981,7979,7991,7993,7989,7991,7983,8009,7991,8008,7999,8005,8009,7994,8002,7992,8015,7988,8006,7985,8015,8006,7992,7989,7996,7998,7999,8010,7996,8000,8009,7995,8003,8007,8006,8003,8013,7996,8012,7995,8004,8003,8019,8014,8005,8012,8008,8007,8010,8008,8014,8029,8022,8053,8061,8073,
7974,8008,7995,8008,7990,7989,7980,7976,7983,7988,7996,7986,7971,7992,7983,7974,7973,7982,7975,7975,7980,7994,7993,7974,7980,7986,7987,7993,7974,7993,7983,7997,7984,8004,7996,7997,8000,7990,7996,7991,8007,7987,8000,7997,8001,8006,7980,7992,8000,7999,7972,8002,8003,8001,7997,7996,8013,7992,8010,7997,8013,8013,8019,8002,7996,7996,8003,7999,7983,8013,8006,8014,8014,8013,8006,8009,8000,8024,8037,8056,
7983,7998,7991,7993,7986,7992,7989,7971,7988,7971,7985,7983,7970,7986,7971,7973,7973,7991,7975,7984,7980,7986,7994,7985,7991,7990,7990,8001,7979,7998,7993,7996,7992,8007,7990,8003,8013,8000,7989,7992,8020,7982,7995,8000,8012,8001,8001,7993,8000,7994,7990,8016,8000,8003,7998,7998,8005,7999,8001,8011,8010,8014,8002,7995,8012,8008,8023,8008,8003,8001,8020,7999,8014,8012,8011,7996,8005,8019,8015,8030,
7979,7986,7982,8007,7996,7982,7972,7974,7986,7972,7994,7981,7991,7984,7981,7966,7972,7993,7995,7989,7987,8000,7984,7986,7990,7989,7993,7971,7982,7997,7989,8003,8008,8003,7979,7997,8013,8000,7996,7991,8020,8010,7990,7982,8003,8003,7991,7996,7998,7994,7987,8006,7989,7997,8005,7996,8000,8005,8010,8007,8007,8000,8008,8004,8003,8008,8027,8009,7989,8005,8014,7988,8023,8006,7993,7992,7999,8020,8028,8020,
7987,7988,7989,7994,7990,7990,7978,7976,7992,7981,7985,7973,7963,7987,7979,7964,7970,7978,7985,7988,7984,7990,7994,7982,7982,7989,7983,8010,7986,7990,7984,7989,7993,8008,7990,7992,8008,7993,7995,8002,8013,7997,7980,7998,7991,8006,7998,7985,8013,7995,7992,8008,8001,8003,8008,7988,7998,8012,8008,8006,8007,7997,8017,8005,7999,8007,8011,8004,7997,8000,8014,7993,8005,8008,8004,8001,8000,8027,8019,8025,
7989,7988,7991,7990,7999,7986,7981,7988,7985,7980,7988,7987,7977,7995,7985,7976,7971,7985,7974,7988,8003,7995,7981,7971,7987,7990,7989,7997,7974,8002,7998,8003,7985,8008,7992,7994,8015,7999,7987,7990,8009,7992,8007,7993,8002,8014,7995,7983,8004,8001,8006,8000,7995,8006,8005,7999,8011,8005,8006,8005,8020,8015,8012,7995,7992,8021,8011,8012,8008,7997,8002,7996,8008,8011,8002,8009,8011,8014,8029,8011,
7981,7987,8000,7996,7988,7992,7985,7988,7990,7992,7981,7977,7984,7991,7982,7969,7977,7982,7981,7989,7985,7995,7990,7992,7978,7982,7996,7995,7981,7990,7990,7986,7997,8002,7993,7999,8013,7994,7989,8002,8017,7996,8002,7999,8010,8010,7991,7982,8011,7998,7994,8003,7999,7997,8003,7999,8001,8003,8006,8008,8001,8003,8016,8004,8008,8013,8019,8010,7989,7995,7993,8003,8006,8011,7998,8009,8004,8016,7998,8016,
7973,7991,7984,8000,8001,7985,7971,7974,8001,7986,8002,7997,7984,7987,7974,7979,7978,7979,7971,7979,7985,8013,7987,7976,7986,7994,7985,7991,7978,7996,7999,7993,7984,8013,7988,8001,8024,7986,7990,7985,8005,7996,7999,7999,8006,8014,7994,7999,7998,7990,7979,8002,7979,8001,8002,7993,8008,8000,8008,7996,8014,8005,8009,7999,7997,7999,8006,8002,7993,7990,8000,7995,8012,7997,7986,8003,8003,8010,8010,8010,
7995,7987,8001,8000,7995,8003,7972,7984,7992,7980,7980,7969,7979,7982,7976,7981,7977,7975,7987,7991,7988,7979,7992,7987,7987,7978,7987,7989,7989,7986,7998,7985,7996,8005,7996,8000,8017,8000,7984,8005,8006,7981,8007,7995,8003,8000,7992,7986,8000,8011,7995,7994,7987,7994,8001,7993,7996,8002,8015,8001,8013,8001,7994,7990,7982,7996,7998,7989,7982,7998,8000,8003,8002,7990,7995,7992,7979,8000,8006,8001,
7989,7994,7995,7989,7977,7995,7977,7975,7987,7982,7994,7963,7979,7985,7978,7975,7970,7977,7983,7987,7994,7988,7987,7982,7986,7990,7981,7987,7987,7995,7978,7986,7993,8003,7995,7996,8011,7998,7983,7995,7997,7987,7993,7991,8000,7992,7995,7977,8004,8007,7989,8008,7995,7998,7999,7997,7995,8001,8011,7997,8009,7992,7999,7989,7991,7996,8007,8003,7991,7998,8003,7998,8014,7980,7998,8013,7995,8010,8008,7995,
7989,7990,8003,7994,7983,7990,7981,7970,7992,7969,7992,7979,7975,7973,7984,7967,7975,7976,7987,7985,7985,7975,7978,7982,7993,7990,7980,7992,7983,8002,7993,7978,7982,7990,7995,7994,7998,7986,7982,8001,8008,7981,7985,7995,7998,7988,8010,7992,8007,8000,7988,8006,8008,7988,7991,8004,8006,7995,8010,7998,7998,7995,8003,7989,7993,7991,7994,8000,7991,7992,8015,7989,8002,7989,8000,7993,7992,8001,7999,7997,
7982,8003,7996,8003,7981,7990,7967,7965,7987,7974,7980,7984,7977,7980,7970,7965,7973,7973,7984,7997,7994,7989,7992,7980,7986,7989,7995,8000,7978,7990,7985,7991,7985,8000,7999,7999,8022,7997,7989,7989,7996,7989,7998,7981,8011,8005,7996,7985,8004,8014,7997,8009,7993,7996,7994,7991,7995,7995,8005,8001,8013,8000,8003,7976,7996,8010,7994,7985,7995,7988,7997,7993,8004,7992,8010,7997,8006,7997,8004,8004,
7986,7996,7983,7987,8006,8001,7973,7981,7995,7983,7987,7980,7975,7974,7977,7969,7988,7991,7970,7994,7976,7993,7985,7985,7983,7977,7987,7982,7983,7999,7978,7983,8002,8002,7990,7993,8019,7982,7981,7993,8001,7992,7993,8002,7999,7999,7994,7997,7994,8010,7986,8001,7997,7989,8003,8003,8008,7993,7996,8008,7997,7997,8005,7993,7998,7998,8007,8000,7997,7989,7989,7991,7997,7997,7995,7993,7994,7995,7997,8003,
7989,7988,7999,7986,8006,7987,7965,7981,7991,7979,7990,7984,7967,7989,7988,7983,7978,7991,7997,7983,7982,7962,7987,7987,7980,7984,7999,7983,7983,7995,7992,7986,7991,8010,7993,7996,8014,7994,7987,7987,8008,7991,7998,7990,8002,7993,7999,7994,8007,8012,7990,8009,7997,7991,7988,7994,7993,7994,8007,8013,8016,8000,7992,7991,7982,8000,7997,7996,7996,7992,7997,7993,7987,7980,7989,8008,7992,7998,8004,7985,
7993,7985,8008,7986,7996,7997,7984,7980,7997,7976,7998,7978,7980,7987,7973,7982,7965,7975,7990,7998,7985,7977,7998,7976,7987,7983,7984,7985,7990,7993,7982,7982,7986,8000,7997,7997,8017,7998,7984,7990,8003,7986,7986,8001,7994,8014,7999,7992,7994,8009,7999,8003,8009,8003,7992,7989,8004,7993,7999,8003,8009,8001,8005,7987,7993,8000,8015,8003,7993,8002,8003,7989,7993,8001,7982,7998,7992,8002,8007,8003,
7973,7979,7991,7973,7989,7986,7981,7988,7996,7984,7984,7985,7969,7987,7975,7972,7979,7975,7981,8000,7978,7986,7987,7979,7984,7983,7987,7978,7985,7998,7997,7991,7978,8010,7990,7998,8009,7996,7992,8003,8009,7981,7995,7979,7996,7995,7996,7980,7992,8014,7979,7997,7997,7995,7987,7992,7994,8001,8002,8002,8000,7999,8003,7993,7987,8005,8021,7999,7991,7979,8011,7994,8000,8000,7994,8015,7990,8000,7986,7988,
7977,7998,7977,7997,7974,7999,7985,7980,7988,7987,7982,7984,7986,7980,7973,7984,7969,7984,7997,7997,7989,7993,7990,7984,7983,7976,7990,7994,7982,7991,7984,7982,7998,7986,7995,7990,8011,7995,7988,7985,8010,7994,7997,8001,7996,8011,8003,7989,8017,8008,7993,8001,7994,8002,8004,8001,8002,7998,8011,7996,7997,8000,7994,7993,8005,8000,7993,8005,8002,7993,8009,7994,7997,7983,7991,8002,7993,7981,7990,7987,
7981,8005,7983,7994,7987,7992,7980,7979,7997,7989,7997,7976,7969,7969,7966,7982,7986,7977,7975,7992,7982,7994,7977,7981,7979,7975,7999,7996,7977,7985,7980,7987,7997,7998,8000,7999,8012,7999,7985,7984,8006,7996,7988,8000,8001,8005,7997,7993,7990,8011,7980,8001,7997,7995,7991,7990,7995,8007,8010,8006,8014,7980,7998,8005,8004,7994,8000,7999,7998,7989,8005,8000,8001,7992,7986,7993,7995,8003,7987,8001,
7968,7991,7999,7998,7994,7993,7976,7975,7983,7998,8000,7985,7974,7984,7972,7981,7968,7982,7979,7992,7983,7969,7976,7983,7988,7988,7995,7985,7988,7991,7988,7986,7993,7989,8000,7994,8020,7993,7985,7996,8000,7999,8001,7999,8001,8001,7992,7995,8004,8008,7995,8004,7995,7999,7993,7997,8003,7994,8005,8003,7993,7992,8005,7994,8004,7999,8002,8010,8007,7984,7993,7994,7997,7991,7996,7994,7992,7998,7982,7989,
7980,7989,7994,7993,7973,7997,7982,7993,8001,7988,8006,7991,7962,7979,7977,7980,7970,7986,7976,7995,7979,7968,7984,7986,7991,7977,7994,7982,7982,7985,7992,7979,7995,7985,7989,7996,8021,7993,7987,7993,8001,7999,7993,7984,7988,7996,8009,7993,8007,8014,7990,8007,8000,8004,7995,7988,7994,8010,8011,7989,8002,8001,8016,7989,7998,7995,8012,7984,8001,7988,8006,7990,8011,7989,7996,7996,7980,8001,8009,7978,
7980,8006,7996,7987,7972,7999,7977,7981,7985,7992,7979,7987,7968,7982,7978,7983,7977,7972,7981,7986,7981,7993,7992,7979,7990,7970,8003,7987,7991,7986,7987,7985,7994,8005,7995,7992,8019,7996,7984,7998,8006,7992,7989,8006,8011,8004,7986,7992,7996,8008,7989,7998,7996,7998,8000,7993,8001,8015,8009,7998,8000,8002,8005,7985,8016,7987,8012,7993,7996,7988,8006,8003,8017,7977,7998,8004,7988,7989,8006,8006,
7977,7983,7984,7985,7982,7999,7973,7974,7988,7988,7980,7973,7993,7985,7979,7988,7979,7980,7987,7997,7975,7990,7995,7985,7991,7967,7993,7997,7982,7973,7995,7979,8000,7990,8000,7995,8017,7995,7992,7992,8004,8001,8004,7995,8008,8005,8004,7999,8004,8009,7995,8009,8002,8001,8004,8003,7997,7999,8007,8011,8012,8004,7998,7996,7996,8009,7995,8008,7980,7993,8016,7988,8004,7999,7994,7995,7980,7998,7992,7989,
7981,7998,7988,7980,7981,8000,7981,7986,8002,7998,7992,7991,7974,7991,7974,7975,7974,7981,7983,7991,7972,7984,7985,7970,7986,7980,7998,8005,7992,7990,7999,7993,7992,8006,8000,7990,8027,7998,7986,8000,8015,7999,8004,8003,8015,7996,8006,8016,8002,8013,7989,8007,8006,7999,7991,8002,8004,7994,8005,8009,8008,7999,8014,8001,8004,8004,8010,8009,8000,7992,8014,8006,8009,8007,8014,7998,7996,8002,7992,8002,
7975,7997,7990,7994,7970,7999,7985,7982,7989,7999,7978,7970,7969,7980,7984,7978,7971,7975,7978,7992,7979,7977,7987,7984,7975,7981,7982,7981,7977,7991,7977,7991,7988,8004,7987,7993,8021,7992,7999,8000,8017,8002,8003,8002,8000,8001,8002,7998,8014,8011,7992,8010,8009,8005,7990,7985,8013,8002,8010,8007,8009,7997,8007,8000,7991,8008,8003,7999,7990,8000,8025,7997,8031,8028,8020,8018,7996,8010,7997,7991,
7972,7979,7977,7981,7987,7991,7975,8007,8000,7991,7996,7987,7984,7991,7987,7983,7981,7986,7977,8002,7982,7993,7984,7992,7985,7979,7983,7997,7993,7986,7992,7985,7995,7995,7995,7986,8010,7988,7994,7998,8011,8002,8012,8002,8011,8014,8003,8000,8003,8010,7996,8014,8009,8014,7991,7996,8003,8007,8024,7999,8013,8003,8015,7991,8001,8001,8014,8017,7996,8020,8033,8022,8015,8034,8040,8041,8005,8005,7991,7994,
7967,7975,7979,7981,7987,7990,7978,7985,8006,8006,7990,7981,7961,7984,7975,7998,7982,7975,7975,7992,7987,7998,8000,7986,7992,7985,7992,7984,7992,7992,7988,7988,7997,7987,7994,8005,8032,7995,7995,7995,8008,8002,8009,8010,8010,8009,8007,8003,7997,8012,8003,8011,8006,8010,8007,8001,7993,8005,8018,8014,8017,7996,8003,8002,8000,8023,8020,8017,7997,8013,8044,8022,8012,8025,8042,8051,8033,8012,8003,8002,
7966,7992,7983,7989,7971,8006,7982,7990,7997,7979,7979,7981,7973,7981,7981,7991,7966,7972,7967,7981,7979,7989,7995,7990,7992,7984,7986,7978,7983,7988,7982,7984,8000,8008,7986,7993,8021,7988,7998,7998,8008,8018,8004,8005,8013,8009,8020,8007,8010,8024,7996,8017,8021,7993,8000,8000,7997,8003,8019,8000,8014,8002,8010,8002,7990,7993,8008,7995,8009,8008,8066,8040,8039,8012,8033,8038,8035,8007,8003,7999,
7968,7984,7968,7975,7986,7987,7974,7997,7987,7990,7978,7971,7968,7994,7964,7974,7983,7968,7979,7994,7997,7994,7999,7985,7981,7986,7981,7982,7986,7993,7989,7993,7990,8003,8008,7998,8017,7992,7987,8010,8019,8003,8005,8019,8027,8021,8002,8011,8024,8025,8007,8015,8021,8011,8005,8000,8017,8010,8019,8000,8002,7991,8023,8010,8026,8003,8016,8010,8005,8012,8025,8054,8066,8041,8038,8047,8035,8039,8006,8014,
32.01,28.78,False,0