7993,8007,8011,7998,8006,8002,7986,7997,7994,7992,8013,8017,8017,8001,7984,8017,7992,7993,7994,8015,8001,7990,7998,8008,8000,7999,7993,7990,7990,8001,7996,8002,8003,8006,8012,7989,8007,8004,8018,7999,8008,7995,8011,8014,8007,7991,7999,8012,8011,8002,8007,8001,7998,7994,8009,8014,7984,7997,7994,8003,7977,8006,7990,8003,8017,7997,7993,7974,7994,7994,7996,7994,8025,7985,7990,7992,8005,8004,8002,7992,
7985,8005,8004,7989,7989,7976,7986,7994,7989,8008,8015,8005,8004,8002,7985,8005,7986,7975,7999,8010,8015,8000,7997,8004,7997,8009,7993,7997,8002,7998,7980,8019,7987,7999,8010,7987,8012,8005,8004,8002,7998,8003,7990,8001,8009,7995,7993,8013,7997,8009,7995,7991,7989,7993,8010,7999,7989,8013,7994,7991,7977,7997,7985,8005,8004,8004,7984,7989,7974,7997,7993,7980,8005,7969,7998,7998,7985,7999,7998,8000,
7994,8017,8005,7985,8011,7992,7982,7967,7999,8007,8005,8013,8022,7991,7990,8013,8004,7995,8006,8013,8005,8002,8005,8012,7997,8006,7979,8013,8001,8014,7996,7996,7988,7996,8019,7995,8021,7998,7995,7993,7998,7998,8004,8011,7999,8000,7997,8000,8011,8008,7997,8007,8008,7997,8003,8000,7992,8004,7986,7993,7986,7993,7987,8004,7997,7976,7970,7982,7972,7996,8003,7998,8010,7979,7985,7977,7982,8012,7982,7996,
7987,7985,8006,7975,7989,8005,8011,8008,8008,8014,8004,8008,8010,7995,8000,8014,7997,8006,8002,8007,8009,8005,8006,8011,8010,8009,7990,8009,8011,7997,8004,8003,8007,8012,8025,7992,8011,8005,8009,7993,8003,8002,8001,8014,8016,8011,8001,8010,8009,8017,8004,8011,8006,7996,8013,8008,7993,8015,7981,8027,7987,7997,7982,8000,8011,7992,7982,7991,7996,7988,8000,7992,8015,7989,7969,7995,8011,7983,7988,7996,
7997,7994,8006,8000,7995,7996,7990,8008,7994,8002,8017,8015,8009,8001,7989,8024,8026,7994,7995,8018,8006,7999,8025,8010,8008,7993,8002,8013,8011,8000,7999,8026,8015,7999,8013,7995,8019,8012,8004,8000,8003,8002,7993,8004,8019,8001,7993,8005,8025,7997,8001,8006,8000,8008,8004,7999,7994,8007,7999,8016,7996,8006,7997,7994,8004,7999,7984,7980,7993,8001,8009,7993,8024,7993,7991,8001,7982,8005,8004,7994,
8005,7997,8010,7986,8015,8011,8003,8008,7999,8003,8009,8023,8014,7994,7993,8026,8013,8010,8004,8031,8018,8022,8021,8018,8000,8002,7994,8016,8024,8004,8017,8017,8000,8006,8007,7998,8008,8016,8017,7995,7993,8000,7997,7995,8014,7991,7997,8012,8002,8006,8002,8013,8001,8003,8013,8004,7998,7990,7988,8005,7985,8003,7996,8012,8013,7988,8000,7985,7992,8013,7994,8006,8020,8000,7967,8006,7988,7985,7991,7991,
8008,7995,7996,7983,8011,7999,7986,8020,7998,7999,8020,8007,8020,8000,8002,8019,8008,7997,8009,8027,8020,8024,8014,7996,8016,8029,7985,8020,8004,8010,8005,8014,8020,8001,8007,8000,8012,8008,7998,8002,8011,8005,7994,8014,8004,8001,8009,8007,8016,8000,7997,8016,7999,7998,8018,8004,8010,8009,7985,8010,7992,7991,8010,7997,8021,7994,7986,7992,7982,8017,7991,7985,8005,7981,7971,7994,7994,8015,8000,8003,
7994,8003,7999,8005,8005,7991,8003,8006,8003,8011,8024,8026,8019,8005,8012,8021,7999,8018,8012,8022,8017,8019,8014,8019,8007,8009,8007,8009,8001,8005,8015,8003,8001,8009,8024,8001,8021,8013,7999,8004,8002,8012,8004,8010,7998,7991,8001,8016,8015,8006,8002,8003,8002,7996,8010,8013,7996,8006,7997,8002,7980,8006,7991,8006,8006,8016,7987,7982,7982,7990,7996,8004,8020,7985,7981,7987,7993,8011,7986,8008,
7996,7995,8004,7997,8017,8001,8002,8002,7998,8015,8018,8019,8011,7985,8001,8026,8024,8025,8027,8026,8015,8015,8039,8022,8021,8026,8036,8030,8035,8012,8024,8004,8015,8008,8013,7993,8023,8011,8020,8003,8016,8015,8011,8010,8003,8004,8005,8010,8026,8010,8026,8009,8016,8021,8020,8007,8000,8014,7993,8016,8017,8008,8002,8004,8014,8009,8002,7999,7998,8021,8009,8000,8029,7992,7985,8013,8005,8014,8027,8006,
7993,7992,8003,7990,8008,8014,8003,8012,7999,8007,8012,8020,8018,8010,8008,8045,8020,8031,8013,8029,8029,8032,8029,8028,8020,8024,8032,8036,8028,8017,8019,8008,8012,8019,8012,8008,8016,8006,8022,8004,8013,8011,8019,8004,8019,8008,8001,8007,8010,8016,8008,8013,8009,8016,7999,8006,7994,8018,8004,8017,7989,8009,7999,7999,8014,7998,7991,7986,8001,8006,8008,8009,8011,7992,8002,7998,8014,8006,8020,8012,
7999,8010,7994,7991,8013,8005,8007,7998,8007,8007,8013,8001,8002,8003,8010,8040,8035,8028,8012,8030,8041,8035,8032,8025,8020,8031,8018,8026,8041,8011,8011,8022,8019,8027,8022,8008,8020,8015,8027,7993,7998,8012,8011,8024,8015,8009,7999,8012,8018,8019,8015,8012,8005,8009,8014,8004,8006,8005,8008,8002,7987,7999,7993,7995,8016,8001,8005,7989,7988,8013,8011,7996,8018,7992,7980,8009,8007,8005,7999,8002,
8024,8027,8017,8011,8024,8013,8014,8014,8003,8014,8040,8024,8030,8010,8013,8039,8046,8025,8049,8036,8053,8038,8018,8025,8023,8033,8010,8036,8029,8016,8028,8014,8015,8017,8024,8000,8026,8016,8022,8010,8018,8021,8014,8017,8010,8007,8002,8010,8019,8011,8010,8020,8011,8021,8005,8009,7990,8005,8008,8010,8012,8000,8002,7994,8018,8007,7993,7997,7992,8007,8009,8007,8005,8002,7996,7983,8015,8022,8023,8020,
8028,8030,8020,8016,8014,8024,8000,8004,8010,8021,8032,8027,8025,8010,8027,8045,8023,8036,8027,8042,8042,8043,8029,8024,8026,8032,8031,8039,8029,8015,8017,8020,8023,8015,8024,8009,8031,8009,8018,8001,8017,8018,8005,8006,8008,8007,8000,8023,8023,8002,8015,8022,8013,8023,8020,8009,8013,8018,8002,8013,7999,8002,8002,7999,8007,8005,8002,7997,8003,8003,8014,8001,8024,7992,7983,8009,7999,8016,8019,8005,
8023,8036,8024,8014,8029,8033,8003,7997,8016,8017,8017,8031,8041,8018,8028,8044,8039,8038,8026,8042,8041,8039,8040,8026,8034,8034,8016,8035,8022,8017,8033,8023,8011,8026,8023,8004,8022,8024,8014,8014,8011,8029,8013,8025,8019,8014,8012,8008,8021,8010,8018,8025,8020,8010,8009,8015,8006,8015,8012,8008,8002,8004,8003,7997,8019,8021,7997,7988,8009,8008,8013,8006,8017,8017,7987,8005,7986,8019,8004,8023,
8025,8031,8039,8023,8039,8033,8016,8017,8003,8020,8048,8043,8049,8025,8032,8054,8048,8053,8052,8044,8048,8043,8034,8031,8024,8043,8022,8028,8028,8025,8024,8021,8015,8019,8034,8009,8023,8014,8024,8016,8008,8007,8007,8001,8010,8015,8002,8024,8017,8008,8011,8026,8017,8028,8025,8008,8014,8014,8007,8027,7997,8007,8006,8013,8006,8015,7996,8006,7999,7998,8014,8008,8018,7996,7997,7992,8009,8015,8003,8011,
8028,8044,8031,8025,8037,8035,8021,8034,8010,8043,8048,8039,8053,8049,8053,8069,8064,8066,8052,8073,8057,8050,8046,8035,8030,8046,8021,8031,8038,8028,8028,8025,8034,8022,8039,8017,8017,8016,8025,8007,8017,8011,8022,8029,8015,8009,8005,8016,8015,8017,8016,8014,8015,8018,8015,8023,7997,8013,8001,8016,8004,8002,7990,7997,8026,8006,7999,7990,7991,8006,8009,8013,8029,8001,8000,8003,8009,8012,8000,8001,
8035,8045,8037,8033,8051,8040,8043,8024,8019,8037,8059,8050,8064,8061,8091,8116,8128,8127,8106,8090,8076,8065,8052,8058,8058,8042,8036,8046,8037,8031,8030,8037,8014,8032,8029,8032,8039,8026,8028,8019,8016,8022,8025,8020,8035,8029,8020,8033,8025,8026,8025,8038,8011,8024,8020,8017,8022,8029,8005,8010,8005,8016,8016,8008,8022,8009,8002,7984,8002,8020,8017,7995,8013,7993,8005,8000,8012,8002,7978,8013,
8033,8051,8050,8029,8050,8049,8033,8034,8023,8037,8054,8063,8093,8111,8121,8155,8166,8158,8146,8148,8128,8135,8116,8115,8088,8057,8042,8043,8032,8035,8023,8037,8026,8026,8041,8032,8026,8023,8033,8011,8026,8033,8030,8022,8023,8036,8020,8027,8027,8011,8029,8026,8014,8022,8023,8028,8004,8020,8011,8014,8005,8029,8002,8002,8026,8017,8004,7996,7996,8003,8013,7998,8017,8007,7997,7997,8013,8003,8014,8006,
8036,8045,8029,8027,8047,8029,8028,8023,8039,8053,8060,8075,8122,8127,8147,8175,8169,8166,8161,8155,8150,8147,8154,8151,8121,8071,8047,8044,8032,8032,8040,8041,8023,8026,8046,8022,8032,8024,8038,8023,8023,8016,8025,8020,8024,8028,8019,8024,8034,8025,8016,8034,8021,8031,8019,8029,8023,8025,8020,8017,8005,8023,7997,8016,8027,8025,7998,7991,8005,7999,7998,8021,8021,7995,7991,7990,8007,8012,8000,8019,
8036,8039,8046,8040,8057,8042,8042,8032,8039,8052,8069,8093,8145,8149,8165,8175,8178,8172,8177,8154,8156,8140,8123,8139,8117,8074,8042,8052,8045,8030,8041,8038,8040,8036,8044,8024,8045,8044,8033,8015,8039,8027,8036,8021,8039,8027,8022,8027,8033,8037,8027,8030,8018,8016,8017,8013,8022,8043,8016,8012,8022,8022,8006,8023,8033,8027,8002,7994,8003,8010,8003,7994,8016,8016,7986,7999,8003,7997,8000,7998,
8028,8041,8028,8029,8043,8052,8046,8032,8050,8045,8073,8114,8154,8156,8165,8166,8171,8162,8150,8154,8151,8141,8105,8109,8085,8081,8045,8048,8038,8041,8033,8052,8037,8036,8051,8027,8045,8026,8043,8021,8037,8024,8024,8038,8025,8042,8021,8019,8029,8019,8028,8034,8018,8025,8026,8024,8018,8024,8011,8034,8007,8026,8010,8011,8030,8006,8012,7993,7995,8012,8006,8012,8020,8000,8014,8003,8004,8019,8012,8021,
8039,8056,8050,8032,8048,8040,8030,8053,8056,8055,8103,8134,8165,8141,8142,8152,8139,8157,8156,8153,8162,8157,8129,8109,8090,8097,8066,8059,8058,8048,8042,8042,8033,8042,8055,8034,8040,8039,8034,8016,8027,8030,8036,8029,8029,8034,8029,8026,8028,8028,8025,8029,8032,8022,8028,8029,8015,8023,8017,8021,8005,8024,8019,8011,8028,8039,8027,8001,8004,8014,8004,8008,8031,7997,7998,8010,7986,8009,8009,8010,
8035,8060,8038,8040,8058,8046,8051,8053,8046,8062,8100,8134,8147,8142,8142,8165,8151,8140,8134,8127,8120,8145,8124,8117,8117,8120,8083,8062,8065,8042,8049,8048,8042,8055,8056,8027,8043,8048,8041,8027,8039,8026,8021,8037,8027,8028,8024,8036,8030,8026,8027,8016,8016,8027,8021,8034,8020,8027,8021,8014,8005,8026,8017,8019,8028,8022,8013,7994,8003,8015,8007,8010,8024,8008,8011,8008,8011,8002,8007,8030,
8047,8042,8063,8035,8066,8052,8061,8061,8043,8065,8118,8121,8149,8143,8151,8141,8150,8148,8129,8132,8136,8135,8116,8098,8090,8125,8095,8079,8060,8055,8048,8049,8025,8037,8051,8028,8044,8039,8046,8029,8026,8035,8033,8023,8044,8034,8023,8027,8040,8044,8023,8029,8036,8019,8034,8033,8010,8033,8026,8022,8015,8025,8011,8008,8031,8036,8015,7989,7992,8008,8006,7994,8030,7988,8000,7998,8012,7993,8015,8017,
8045,8068,8062,8053,8060,8058,8068,8057,8057,8061,8116,8120,8149,8153,8152,8153,8150,8156,8132,8135,8143,8141,8128,8114,8104,8110,8103,8102,8077,8060,8071,8054,8043,8058,8053,8041,8049,8051,8049,8025,8042,8037,8038,8036,8038,8032,8030,8041,8034,8015,8025,8044,8033,8015,8038,8016,8019,8038,8031,8016,8013,8015,8012,8012,8040,8028,8003,8004,7999,8011,8007,7999,8026,7994,7995,7992,8024,8015,8007,8017,
8047,8067,8031,8054,8065,8050,8068,8060,8057,8066,8111,8152,8159,8141,8153,8144,8166,8145,8149,8147,8147,8138,8129,8129,8095,8118,8123,8118,8089,8059,8066,8058,8063,8050,8048,8047,8057,8046,8049,8029,8030,8039,8039,8036,8027,8031,8039,8026,8052,8033,8042,8044,8040,8031,8030,8016,8026,8023,8021,8020,8022,8029,8020,8014,8031,8030,8007,7988,8014,8016,8014,8009,8034,8001,7995,8011,8019,8018,7996,8022,
8048,8061,8049,8047,8063,8068,8045,8064,8062,8094,8126,8162,8190,8155,8156,8170,8169,8155,8141,8157,8159,8141,8138,8118,8102,8112,8131,8136,8101,8073,8081,8063,8066,8043,8055,8044,8047,8048,8046,8042,8042,8041,8049,8058,8030,8035,8030,8047,8042,8032,8036,8029,8043,8041,8029,8033,8031,8041,8031,8026,8018,8022,8011,8023,8022,8020,8016,8010,8009,8017,8001,8007,8018,7998,8004,8011,8011,8026,8009,8022,
8057,8058,8064,8055,8061,8075,8068,8065,8070,8074,8124,8151,8153,8141,8131,8170,8153,8135,8142,8151,8167,8162,8135,8131,8105,8120,8136,8143,8113,8085,8075,8076,8066,8063,8059,8046,8055,8055,8056,8039,8058,8051,8049,8048,8045,8040,8033,8031,8038,8040,8036,8043,8048,8038,8035,8031,8028,8030,8025,8034,8016,8029,8023,8009,8023,8024,8025,8007,8002,8027,8009,8012,8021,7991,7999,8000,8023,8018,7998,8030,
8065,8079,8064,8061,8072,8072,8074,8074,8070,8072,8118,8139,8165,8153,8149,8152,8167,8148,8138,8163,8164,8140,8143,8139,8103,8138,8141,8146,8136,8103,8108,8087,8091,8097,8084,8057,8076,8061,8059,8048,8065,8046,8051,8047,8037,8030,8029,8030,8044,8027,8028,8035,8040,8033,8031,8037,8035,8016,8022,8021,8017,8021,8013,8022,8028,8019,8024,8004,7996,8021,8009,8013,8029,7995,7986,8014,8009,8032,8004,8029,
8061,8050,8077,8060,8073,8070,8059,8063,8075,8090,8136,8138,8170,8161,8164,8169,8177,8175,8172,8153,8157,8151,8136,8141,8124,8134,8138,8147,8131,8115,8126,8119,8123,8128,8098,8068,8062,8065,8052,8047,8051,8050,8045,8056,8042,8053,8035,8033,8042,8031,8030,8048,8040,8031,8034,8028,8035,8037,8031,8015,8014,8027,8029,8008,8036,8022,8004,8001,8012,8022,8002,8008,8024,8008,7991,8011,8020,8030,8008,8025,
8057,8060,8072,8053,8078,8061,8069,8077,8083,8074,8111,8135,8138,8136,8160,8177,8172,8168,8161,8165,8150,8146,8144,8158,8150,8152,8146,8147,8124,8104,8120,8105,8110,8120,8106,8063,8058,8048,8056,8039,8045,8047,8037,8048,8043,8031,8026,8033,8041,8037,8042,8035,8044,8033,8036,8036,8030,8032,8025,8020,8031,8027,8016,8016,8048,8033,8009,7999,7992,8027,8018,8004,8028,7999,7999,8013,8026,8005,8009,8022,
8064,8069,8062,8053,8063,8055,8058,8067,8065,8066,8113,8140,8143,8143,8154,8168,8158,8156,8158,8180,8170,8163,8154,8178,8168,8157,8150,8142,8124,8120,8113,8099,8068,8058,8067,8053,8062,8049,8042,8042,8057,8039,8047,8040,8043,8044,8034,8036,8046,8031,8031,8037,8047,8039,8033,8021,8029,8034,8028,8029,8012,8026,8009,8015,8037,8020,8013,8002,8004,8031,8009,8011,8031,8005,7993,7986,8004,8027,8000,8006,
8059,8077,8062,8059,8079,8059,8061,8055,8077,8078,8101,8103,8130,8136,8146,8166,8148,8131,8150,8166,8159,8183,8188,8195,8171,8159,8151,8152,8146,8119,8106,8078,8064,8064,8065,8044,8053,8051,8044,8031,8051,8043,8055,8054,8051,8031,8037,8043,8044,8047,8044,8041,8052,8024,8035,8039,8030,8042,8025,8030,8020,8029,8023,8022,8023,8033,8022,8007,8008,8008,8013,8012,8018,7999,7988,8004,8013,8032,8022,8016,
8046,8071,8048,8054,8063,8052,8063,8071,8063,8057,8087,8094,8150,8129,8148,8167,8145,8151,8142,8156,8168,8202,8188,8182,8182,8174,8153,8129,8125,8104,8077,8069,8060,8058,8061,8052,8047,8056,8043,8021,8041,8039,8037,8036,8038,8033,8037,8038,8038,8038,8026,8036,8045,8028,8035,8027,8033,8025,8034,8014,8005,8026,8019,8022,8031,8018,8024,7993,8001,8006,8012,8004,8019,7997,7985,8016,8011,8014,8008,7998,
8046,8056,8061,8047,8069,8044,8059,8044,8054,8055,8095,8099,8149,8154,8153,8168,8154,8164,8163,8196,8195,8185,8194,8186,8157,8170,8152,8127,8099,8097,8064,8066,8062,8069,8060,8045,8045,8042,8047,8021,8053,8031,8035,8039,8039,8040,8037,8038,8027,8045,8036,8039,8038,8029,8035,8024,8030,8031,8026,8025,8012,8018,8023,8023,8012,8020,8008,8006,8010,7998,8008,8002,8023,8000,7987,8024,7995,8011,7998,8019,
8048,8049,8044,8052,8061,8057,8064,8053,8048,8072,8077,8083,8134,8172,8179,8195,8206,8188,8195,8221,8200,8188,8192,8169,8163,8146,8127,8112,8090,8074,8059,8060,8047,8042,8053,8034,8053,8051,8038,8022,8051,8029,8032,8035,8042,8030,8035,8030,8036,8033,8030,8046,8028,8030,8042,8037,8023,8031,8024,8029,8014,8030,8013,8015,8020,8022,8019,8011,8014,8017,8010,8025,8034,8016,7995,8004,8016,8005,7997,8001,
8036,8054,8056,8056,8068,8053,8056,8065,8046,8059,8073,8073,8111,8155,8177,8207,8220,8207,8204,8205,8200,8185,8174,8157,8112,8111,8079,8088,8076,8060,8057,8062,8052,8057,8059,8043,8047,8050,8038,8031,8032,8035,8039,8042,8042,8042,8028,8049,8039,8036,8039,8033,8041,8031,8029,8029,8045,8021,8021,8032,8012,8024,8021,8017,8008,8030,8022,8010,8012,8017,8019,8006,8030,8005,7989,8011,7999,8020,8021,8022,
8045,8075,8056,8040,8072,8044,8053,8052,8043,8067,8081,8065,8087,8132,8171,8194,8195,8201,8205,8227,8196,8200,8167,8133,8094,8094,8095,8092,8078,8070,8061,8052,8057,8056,8051,8045,8044,8050,8042,8030,8033,8037,8037,8035,8037,8029,8023,8030,8046,8047,8026,8043,8048,8025,8031,8025,8027,8036,8024,8024,8012,8031,8019,8026,8020,8028,8018,8011,8019,8015,8019,8020,8038,7991,8001,8018,8012,8015,8000,8022,
8049,8050,8053,8048,8075,8066,8061,8074,8047,8050,8072,8068,8080,8115,8146,8185,8187,8202,8195,8201,8192,8186,8165,8110,8101,8085,8108,8150,8119,8078,8040,8053,8061,8044,8059,8041,8049,8044,8051,8038,8040,8035,8030,8021,8034,8042,8030,8036,8039,8033,8034,8029,8032,8032,8035,8036,8034,8031,8037,8043,8017,8017,8016,8024,8031,8027,8009,8010,8012,8020,8013,8017,8027,7992,7996,8015,8014,8013,8020,8008,
8046,8051,8060,8056,8062,8044,8050,8054,8043,8053,8062,8070,8077,8072,8124,8162,8175,8182,8193,8205,8185,8183,8161,8141,8132,8122,8144,8162,8139,8077,8053,8046,8051,8043,8044,8045,8031,8031,8037,8023,8022,8030,8033,8032,8024,8038,8035,8028,8031,8029,8023,8027,8032,8008,8026,8021,8023,8021,8020,8017,8009,8011,8024,8020,8025,8016,8019,7982,8021,8010,8003,8010,8044,8006,7998,8018,8000,8003,8010,8008,
8056,8054,8054,8050,8066,8048,8049,8057,8043,8041,8063,8069,8078,8066,8075,8118,8152,8142,8165,8186,8177,8165,8153,8157,8166,8156,8152,8148,8106,8078,8057,8058,8039,8052,8053,8028,8035,8043,8045,8026,8036,8035,8039,8037,8025,8028,8020,8023,8034,8033,8030,8021,8040,8025,8040,8025,8028,8031,8032,8019,8018,7998,8022,8016,8030,8026,8014,8013,8022,8013,8012,8024,8028,8011,8005,8028,8024,8016,8021,8025,
8050,8059,8058,8046,8053,8051,8045,8047,8045,8046,8042,8045,8061,8048,8072,8090,8126,8114,8138,8147,8154,8147,8149,8162,8146,8127,8113,8102,8062,8055,8038,8046,8042,8024,8036,8016,8036,8036,8032,8028,8020,8033,8024,8032,8021,8018,8028,8029,8028,8013,8031,8034,8042,8018,8036,8027,8022,8026,8020,8043,7999,8016,8016,8004,8023,8028,8011,8011,8020,8012,8011,8008,8026,8001,8001,8007,8010,7990,8009,8009,
8037,8060,8046,8052,8060,8052,8059,8042,8045,8031,8044,8067,8053,8047,8060,8067,8066,8075,8086,8097,8104,8093,8114,8116,8102,8079,8056,8060,8052,8041,8055,8046,8033,8039,8045,8038,8031,8044,8040,8033,8038,8025,8025,8036,8020,8036,8031,8037,8042,8035,8026,8024,8040,8021,8026,8034,8014,8019,8013,8028,7998,8010,8006,8000,8026,8027,8005,8002,8010,8012,8007,8006,8022,8014,7994,8010,8029,8022,8010,8013,
8033,8058,8059,8042,8046,8052,8046,8048,8032,8031,8047,8053,8063,8052,8044,8065,8062,8057,8050,8063,8073,8079,8063,8082,8058,8052,8049,8045,8037,8039,8034,8046,8037,8030,8039,8031,8038,8031,8030,8025,8018,8021,8030,8039,8025,8024,8036,8034,8033,8026,8015,8018,8028,8030,8012,8025,8021,8022,8015,8031,8012,8020,8016,8007,8021,8029,8020,8001,8023,8024,8015,8013,8039,8010,8006,8005,8016,8025,8019,8022,
8029,8048,8056,8062,8046,8050,8045,8041,8044,8038,8037,8035,8049,8040,8034,8053,8059,8053,8064,8068,8056,8074,8042,8066,8060,8037,8040,8052,8050,8041,8038,8032,8043,8040,8037,8013,8040,8034,8033,8028,8040,8026,8029,8028,8026,8029,8019,8040,8025,8032,8019,8016,8037,8014,8023,8027,8031,8030,8028,8031,8002,8012,8021,8016,8029,8017,8007,8015,8009,8029,8024,8024,8027,7996,8008,8007,8025,8011,8001,8005,
8051,8047,8052,8045,8058,8056,8046,8047,8034,8040,8032,8043,8061,8041,8041,8055,8055,8053,8042,8060,8046,8042,8049,8051,8043,8039,8020,8040,8035,8034,8045,8037,8031,8037,8043,8026,8040,8035,8031,8031,8031,8022,8021,8027,8030,8031,8032,8036,8037,8017,8028,8033,8020,8024,8022,8012,8024,8023,8019,8030,8016,8003,8008,8011,8030,8023,8000,8002,8020,8021,8008,8013,8021,8010,7988,8005,8005,8019,8009,8014,
8044,8038,8042,8040,8060,8041,8049,8037,8035,8032,8041,8045,8056,8031,8029,8046,8059,8048,8048,8043,8042,8044,8046,8043,8039,8043,8037,8041,8030,8029,8036,8027,8023,8035,8033,8024,8036,8021,8029,8025,8044,8030,8029,8039,8014,8026,8019,8019,8033,8019,8023,8014,8007,8029,8025,8031,8034,8037,8027,8027,8016,8019,8005,8019,8026,8025,8025,8007,8018,8017,8013,8016,8022,8006,7987,8027,8016,8014,8024,8024,
8047,8045,8039,8054,8043,8068,8040,8047,8032,8035,8048,8043,8032,8029,8042,8052,8046,8036,8037,8046,8033,8047,8043,8040,8040,8034,8027,8029,8026,8032,8036,8045,8028,8025,8028,8021,8022,8033,8031,8028,8024,8016,8022,8031,8020,8012,8027,8029,8038,8022,8023,8023,8031,8026,8031,8015,8016,8040,8019,8033,8010,8020,8000,8018,8007,8022,8013,8009,8021,8021,8009,8016,8030,8012,8001,8023,8017,8005,8024,8004,
8022,8037,8044,8055,8058,8053,8040,8057,8042,8032,8036,8047,8053,8030,8044,8044,8037,8024,8037,8044,8022,8041,8058,8047,8039,8034,8017,8038,8046,8033,8028,8027,8029,8016,8037,8015,8038,8046,8038,8016,8017,8016,8033,8023,8027,8040,8019,8031,8041,8030,8019,8022,8035,8016,8035,8023,8019,8017,8025,8019,8007,8022,8020,8019,8017,8027,8014,7999,8011,8013,8026,8009,8020,8000,7997,8009,8017,8017,8036,8005,
8035,8047,8053,8036,8050,8041,8035,8039,8034,8028,8034,8045,8046,8037,8018,8042,8037,8035,8025,8040,8030,8049,8041,8037,8038,8044,8016,8029,8035,8016,8027,8033,8039,8023,8044,8014,8034,8029,8026,8001,8030,8018,8023,8020,8026,8030,8007,8017,8042,8025,8025,8025,8019,8019,8038,8006,8016,8012,8022,8020,8005,8019,8012,8020,8031,8005,8008,8010,8009,8011,8011,8028,8031,7997,7997,8009,8006,7992,8024,8003,
8027,8038,8037,8037,8048,8041,8037,8039,8024,8032,8033,8028,8026,8027,8027,8042,8035,8036,8038,8039,8029,8033,8033,8032,8039,8026,8029,8019,8045,8013,8022,8034,8031,8030,8035,8020,8035,8036,8030,8014,8030,8025,8011,8025,8022,8012,8014,8017,8038,8019,8021,8023,8027,8016,8023,8015,8020,8025,8028,8019,8018,8028,8014,8014,8020,8008,8003,8011,7998,8012,8011,8024,8026,7998,7997,8016,8017,8001,8008,8012,
8038,8038,8060,8043,8045,8047,8034,8050,8025,8046,8041,8039,8032,8027,8025,8030,8042,8029,8039,8041,8034,8033,8044,8037,8011,8026,8026,8047,8034,8028,8020,8021,8019,8029,8043,8024,8034,8011,8040,8013,8031,8023,8018,8020,8020,8032,8022,8038,8033,8024,8016,8032,8015,8034,8020,8015,8018,8030,8034,8027,7998,8034,8015,8006,8016,8022,8006,7997,8015,8036,8015,8016,8024,8000,8013,8012,7996,8022,8007,7997,
8028,8031,8032,8035,8042,8038,8053,8026,8030,8028,8052,8038,8050,8019,8025,8032,8031,8021,8031,8029,8024,8039,8059,8029,8034,8033,8040,8035,8029,8013,8031,8029,8028,8025,8043,8015,8046,8026,8048,8015,8016,8017,8026,8023,8021,8040,8023,8041,8033,8030,8019,8021,8017,8015,8026,8015,8014,8016,8023,8025,8013,8019,8012,8004,8031,8006,8014,8005,8009,8010,8009,8016,8017,7999,8007,8018,8008,8025,8013,8018,
8028,8045,8044,8046,8056,8039,8034,8046,8029,8031,8042,8031,8050,8026,8034,8039,8032,8031,8036,8034,8016,8027,8026,8033,8018,8036,8029,8038,8028,8026,8016,8028,8033,8028,8034,8011,8046,8039,8041,8005,8028,8019,8024,8025,8024,8035,8024,8027,8024,8041,8030,8020,8037,8008,8021,8016,8027,8029,8019,8031,8013,8007,8012,8012,8022,8024,8017,8012,8019,8009,8014,8024,8034,8013,8003,8000,7997,7997,7998,8005,
8034,8025,8032,8041,8061,8041,8026,8029,8013,8029,8049,8056,8043,8016,8021,8026,8041,8017,8035,8029,8025,8044,8024,8019,8029,8036,8017,8020,8030,8029,8023,8016,8028,8021,8039,8020,8037,8031,8028,8015,8028,8032,8028,8024,8032,8032,8025,8030,8039,8037,8024,8021,8027,8009,8016,8012,8025,8016,8022,8015,8005,8025,8020,8012,8008,8016,8010,8026,8007,8016,7998,8027,8025,8007,8009,8013,8003,8017,7999,8010,
8017,8032,8034,8040,8047,8026,8032,8027,8023,8034,8046,8028,8048,8042,8024,8028,8019,8019,8023,8022,8031,8024,8029,8030,8024,8029,8027,8037,8019,8016,8032,8031,8031,8026,8028,8014,8034,8020,8041,8003,8022,8015,8027,8026,8015,8029,8014,8034,8037,8037,8024,8018,8013,8009,8029,8035,8011,8017,8028,8027,8018,8015,8018,8013,8012,8027,8007,8004,8014,8010,8021,8009,8035,8012,7997,8016,7988,8012,8003,8002,
8034,8040,8045,8038,8043,8030,8027,8028,8038,8037,8029,8043,8051,8032,8040,8063,8040,8031,8028,8040,8034,8048,8030,8034,8022,8031,8024,8039,8018,8037,8028,8052,8038,8053,8042,8020,8031,8033,8040,8023,8042,8036,8029,8030,8022,8036,8024,8050,8042,8030,8022,8044,8045,8021,8033,8016,8018,8021,8043,8033,8013,8016,8031,8019,8053,8019,8014,8025,8025,8028,8017,8012,8046,8011,7987,8010,8012,8023,8009,8004,
8025,8022,8042,8030,8048,8048,8037,8044,8030,8035,8039,8053,8033,8036,8036,8034,8032,8017,8028,8052,8026,8036,8036,8038,8027,8038,8007,8035,8023,8012,8042,8032,8023,8023,8041,8022,8048,8034,8051,8018,8027,8021,8029,8033,8035,8027,8028,8038,8032,8034,8030,8043,8034,8038,8035,8027,8013,8034,8022,8033,8011,8011,8022,8008,8046,8022,8023,8015,8013,8027,8009,8026,8044,8009,7987,8022,8000,8023,8000,8024,
8018,8028,8039,8046,8062,8027,8026,8031,8029,8034,8036,8043,8041,8031,8027,8056,8044,8026,8025,8017,8029,8031,8029,8043,8028,8032,8009,8021,8034,8021,8024,8028,8037,8026,8040,8010,8023,8037,8044,8032,8029,8022,8022,8038,8023,8028,8027,8040,8026,8028,8025,8025,8029,8019,8029,8022,8023,8025,8034,8008,8010,8013,8022,8029,8056,8017,8019,8021,8019,8027,8008,8013,8048,8007,7998,8003,7989,7996,8005,8004,
8010,8024,8046,8028,8046,8029,8028,8019,8035,8028,8041,8030,8025,8024,8031,8056,8032,8046,8023,8033,8019,8042,8041,8032,8022,8040,8006,8026,8025,8032,8029,8022,8028,8022,8035,8024,8030,8034,8035,8019,8028,8043,8026,8034,8031,8039,8035,8038,8040,8020,8026,8038,8041,8022,8035,8037,8029,8031,8028,8039,8013,8027,8017,8022,8046,8031,8031,8021,8021,8012,8029,8039,8045,8000,7987,8004,8014,8015,8018,8021,
29.53,25.83,False,1,0,21,6,18,29