7962,7966,7974,7993,8013,8027,7993,7968,7988,7973,7977,8005,7967,7992,8005,7970,8024,7982,7987,8000,7976,7988,8005,8028,8013,8018,8000,7980,8016,7992,7999,8012,8010,7994,8012,8017,8025,8008,8035,8023,7997,8008,7997,8028,8026,7998,8014,8018,8022,8018,8018,8001,8020,8012,8000,8035,8013,8037,8003,8019,8005,7994,8010,8035,8005,8011,8012,8006,8007,8000,8039,8019,8006,8034,7974,8014,7975,7997,8009,7981,
7978,7959,7989,7991,8000,7994,7996,7964,7983,7991,7981,7998,7996,8010,8006,7983,8020,7994,8004,7999,7976,7988,7981,8025,7985,7990,7989,7989,8010,7993,8010,8011,8006,8011,7994,8026,8025,8012,8018,8013,8012,8001,8012,8020,8029,8016,8025,8004,8016,8022,8021,7996,8022,8008,7998,8023,8007,8029,8022,8022,8014,8009,7998,8021,8004,8005,7982,7999,8017,8008,8007,8003,7994,8015,7999,8006,7964,8018,7998,7993,
7989,7960,7995,7996,7987,8007,8003,7969,7985,7976,7959,7998,7983,7991,8011,7977,8014,7983,8011,8009,7983,7980,7992,8011,8000,8004,7995,7989,8018,7978,8008,8022,8010,8000,8004,8025,8019,8005,8010,8030,8019,8008,8019,8007,8021,7998,8010,8011,8013,8025,8027,8011,8003,8010,7993,8025,8018,8020,8009,8008,8009,8012,8006,7996,7995,8021,7998,7987,8013,8020,8007,8004,8016,8031,8015,8001,7995,7990,8003,7965,
7963,7968,7990,7994,8004,8011,7999,7968,8008,7987,7978,8016,7989,8011,8004,7982,8011,8003,7998,7998,7983,7998,7994,8028,8012,8010,7988,7995,8005,7983,7996,7998,8001,8001,7987,8013,8014,8027,8022,8003,8015,8011,8014,8017,8032,8021,8023,8017,8008,8002,8014,7994,8016,8021,7981,8026,8000,8007,8021,8007,8012,8021,8014,8017,7995,8013,7991,8005,7992,7998,8019,8002,8024,8015,7988,7997,7982,7996,7995,7972,
7980,7950,7979,7985,7987,8030,7991,7971,7995,7977,7977,8005,7987,8006,8012,7987,7996,7978,7991,7998,7985,7992,7994,8031,8004,8002,7990,7985,8017,8003,8008,8011,8023,7993,7993,8003,8012,8015,8014,8023,7988,7995,8014,8013,8018,8016,8018,8011,8009,7999,8018,8005,8007,8010,7997,8014,8018,8019,8026,8005,8020,8000,8008,8014,7989,8004,8000,8000,8004,8023,8021,8012,8010,8021,8003,8009,7971,7979,8019,7977,
7977,7965,7985,7971,7998,8016,7981,7975,7984,7986,7979,8008,7990,7991,8009,8004,8022,8004,7981,8007,7979,8006,7999,8022,8011,8016,8013,7995,8009,7996,8001,8015,8000,8007,7993,8018,8027,8020,8015,8025,8001,8017,8019,8027,8019,8017,8039,8020,8005,8014,8007,8018,8023,8026,8007,8023,8011,8027,8011,8011,8015,7984,8005,8002,7998,8017,8006,8015,8009,7998,8014,7998,8016,8022,7989,7993,7992,8000,8004,7979,
8000,7960,7983,7960,8001,8022,8002,7974,7998,7983,7998,8012,7996,8004,8013,7991,8016,7989,8014,8008,7993,7982,8016,8022,8000,8022,7999,7984,8008,7990,7993,8007,8004,8001,7993,8023,8027,8004,8011,8016,8016,7998,8006,8016,8030,8017,8030,8025,8019,7999,8011,8006,8012,8024,8005,8027,8012,8024,8010,8012,8014,8010,8004,8022,8019,8008,8013,8010,8010,8012,8028,8003,8004,8026,8005,8022,7970,7989,7998,7997,
7973,7965,8006,7957,7981,8021,8000,7986,7976,7984,7968,8000,8000,8011,8004,7997,8000,7983,7985,7993,7972,7983,8007,8013,7993,8008,7997,7993,8018,8004,8011,8013,7982,8000,8014,8006,8017,8009,8022,8014,7995,8007,8012,8004,8038,8026,8020,8026,8014,8016,8020,8019,8013,8022,8004,8027,8000,8021,8022,8015,8015,7998,8032,8006,8000,8017,7999,8011,8001,8009,8006,8009,8020,8027,7992,8000,7980,7987,8005,7990,
7966,7976,7977,7988,7988,8011,7987,7977,7995,8001,7981,7990,7990,8011,7994,7983,8006,7996,7997,8003,8011,7990,7998,8018,7997,8007,7999,7989,8019,8009,7997,8002,7993,8003,7994,8010,8021,8015,8016,8009,8005,7999,8017,8019,8035,8006,8032,8034,8015,8021,8019,8021,8012,8019,8002,8026,8005,8009,8007,8008,8021,7995,7999,8015,7998,8008,7999,8011,8024,7986,8019,8000,8006,8018,7988,7991,7981,7996,8006,7998,
7987,7978,7966,7997,7984,7997,7992,7976,8002,7994,7982,7994,7994,8006,7979,7974,8002,7988,7982,8010,7999,7995,7985,8014,7994,8006,7998,7992,8022,8012,8020,8002,8003,8011,7999,8005,8025,8024,8028,8019,8000,8006,8032,8018,8037,8005,8023,8031,8029,8022,8038,8019,8003,8025,8014,8032,8025,8012,8019,8038,8036,8022,7999,8005,8002,8021,8004,7995,8030,8000,8016,8015,8001,8021,8005,8016,7976,7988,8014,7988,
7986,7983,7989,8001,7987,8010,8005,8000,7988,7992,7989,7990,7986,8000,7986,7972,8016,7994,7994,8008,8003,7994,7993,8024,7998,8012,8005,8002,8030,7999,8016,8014,7999,8010,8004,8015,8013,8023,8031,8030,8002,8017,8020,8030,8039,8014,8021,8039,8021,8026,8029,8029,8029,8020,8007,8037,8027,8011,8035,8032,8035,7999,8018,8014,8010,8024,8014,8007,8021,8004,8017,8013,7992,8011,8006,8000,7987,7995,8014,7993,
7982,7979,8001,7993,7993,8011,7984,7989,7983,8002,7986,7994,7991,8013,7989,7985,8011,8002,8001,8004,7990,7996,7995,8029,7997,8015,7992,8002,8045,8004,8023,8024,8010,8002,8003,8026,8025,8021,8043,8022,8012,8020,8025,8017,8036,8014,8047,8043,8013,8027,8047,8036,8024,8028,8019,8045,8032,8027,8021,8045,8032,8017,8028,8007,8002,8018,8009,8004,8009,8004,8009,8007,7999,8013,7988,8005,7996,8004,8006,7991,
7983,7988,7996,7996,7991,8016,8005,7971,7995,7989,7990,8002,7998,8012,8005,7982,8019,8001,8005,8014,7991,7986,8008,8015,7998,8012,7991,7983,8029,8025,8000,8024,8009,8022,8005,8048,8022,8029,8027,8030,8014,8014,8037,8016,8048,8027,8036,8037,8036,8040,8030,8024,8029,8023,8017,8046,8029,8029,8032,8034,8027,8022,8021,8009,8017,8012,8027,8003,8008,8008,8032,8014,8005,8000,8001,8005,7995,7994,8017,7992,
7985,8001,7998,8011,8008,8017,8013,7982,7977,7990,8001,8009,7993,8012,8005,7973,8021,7997,7999,8009,8000,7988,8011,8013,8015,8009,8020,8004,8039,8004,8015,8021,8027,8008,8007,8029,8041,8022,8033,8035,8028,8018,8040,8037,8044,8017,8031,8042,8027,8034,8044,8030,8034,8023,8038,8043,8019,8041,8041,8049,8039,8025,8021,8041,8019,8021,7997,8011,8024,8009,8018,8010,8020,8023,7998,8005,8000,7991,7992,7998,
8014,7992,8004,7994,8000,8012,8008,7991,7977,7983,7986,7992,7989,8008,7994,7975,8009,7989,8003,8006,8003,7999,8013,8009,8013,8017,7995,7992,8024,8016,8018,8016,8018,8027,8014,8023,8034,8020,8030,8034,8016,8033,8036,8056,8045,8025,8057,8047,8048,8034,8044,8040,8042,8032,8042,8034,8028,8036,8036,8036,8038,8021,8021,8013,8009,8021,8012,8002,8013,7991,8007,8014,8013,8012,7989,7998,8000,7989,8024,8002,
7996,7979,8001,8004,8016,8016,7998,7988,7997,7994,7992,7994,7992,8002,8009,7987,8011,7997,8005,8002,7990,7991,8010,8016,8004,8029,8004,8006,8022,8018,8014,8014,8037,8023,8009,8053,8039,8036,8052,8047,8029,8050,8049,8039,8053,8048,8060,8057,8052,8048,8058,8050,8057,8020,8044,8050,8030,8033,8043,8039,8030,8017,8018,8028,8013,8030,8010,8014,8032,8002,8018,8011,8012,8030,8009,7999,8000,7987,7984,7990,
8019,7993,8022,7996,8020,8005,8023,7982,7982,7989,7999,8008,7996,8006,8015,8003,8006,8000,7997,7994,7998,7994,8007,8052,8007,8026,8017,8017,8041,8024,8032,8025,8030,8031,8022,8052,8035,8041,8043,8051,8049,8058,8051,8067,8080,8071,8063,8068,8073,8067,8069,8048,8068,8059,8054,8070,8038,8053,8044,8059,8034,8054,8026,8022,8025,8028,8003,8038,8030,8011,8031,7998,8006,8005,8015,8010,8005,8017,8002,8000,
7999,7986,8010,8010,8003,8029,8019,7994,7994,7991,7997,8005,8014,8014,7997,7998,8007,7996,7980,8007,8010,7998,8021,8035,8016,8027,8027,8021,8056,8014,8026,8031,8032,8035,8043,8062,8060,8044,8063,8047,8069,8064,8052,8058,8084,8079,8071,8080,8078,8073,8065,8067,8065,8068,8060,8053,8069,8059,8056,8062,8053,8047,8043,8031,8025,8017,8029,8030,8025,8020,8022,8010,8030,8022,8006,8010,7999,8005,8012,8004,
8012,7987,8006,8026,7992,8018,8016,7989,8005,8002,7995,7984,7982,8001,8002,7993,8007,8003,7999,8006,8010,8005,8005,8028,8029,8034,8040,8031,8055,8017,8028,8060,8041,8040,8030,8060,8074,8058,8068,8074,8066,8084,8078,8090,8114,8096,8092,8106,8091,8086,8081,8071,8087,8081,8078,8081,8063,8050,8064,8063,8049,8044,8038,8025,8036,8032,8009,8022,8026,8002,8006,8010,8013,8011,8003,8004,8002,7997,8006,7991,
7998,7986,8011,8017,7997,8018,8017,7996,8005,8021,7989,8017,7992,8012,8002,8000,8008,7998,8003,7999,8012,8011,8020,8045,8025,8034,8029,8028,8055,8029,8038,8049,8033,8045,8043,8063,8063,8073,8073,8076,8076,8110,8116,8126,8164,8155,8147,8152,8124,8123,8113,8100,8089,8098,8072,8084,8064,8076,8072,8068,8057,8042,8034,8047,8035,8022,8022,8026,8020,8023,8020,7997,8020,8021,7991,7998,8007,8004,8005,8001,
7991,7978,7996,8009,8001,8021,8005,7980,8005,8000,8005,7996,8001,8016,7998,8000,8014,7995,8008,8024,8012,8018,8016,8041,8031,8032,8033,8030,8053,8047,8047,8051,8051,8043,8051,8074,8072,8077,8092,8096,8097,8151,8147,8160,8176,8182,8159,8174,8168,8169,8163,8165,8148,8125,8119,8122,8086,8090,8080,8069,8064,8045,8038,8038,8043,8035,8034,8025,8023,8007,8011,8002,8019,8013,7993,7988,8010,7988,8008,7973,
7989,7998,8010,8013,8023,8025,8012,7988,8003,8007,7994,7999,7993,8012,8011,8003,8012,8008,8012,8013,8037,8011,8020,8053,8023,8034,8034,8036,8066,8049,8044,8046,8053,8062,8065,8066,8086,8104,8117,8139,8145,8167,8176,8170,8194,8181,8177,8193,8185,8173,8204,8184,8191,8199,8183,8170,8107,8113,8091,8090,8081,8069,8056,8037,8033,8049,8034,8029,8020,8024,8014,8011,8004,8019,8015,8023,8018,7992,7994,8002,
7997,7993,8014,8021,8011,8040,8013,8004,7999,7999,7983,8014,8002,8011,8002,7991,8015,8004,8000,8008,8023,8025,8016,8030,8040,8051,8041,8022,8063,8057,8062,8067,8065,8057,8076,8089,8102,8127,8141,8141,8140,8185,8188,8185,8189,8197,8162,8185,8194,8204,8195,8187,8189,8213,8217,8189,8172,8174,8117,8089,8073,8053,8048,8039,8045,8053,8026,8021,8035,8014,8033,8005,8029,8029,8007,8027,8009,7997,8004,8009,
7993,7995,8002,8006,8004,8020,8025,8003,8005,7999,7992,8001,7998,8017,7995,7999,8013,8009,8001,8024,8019,8024,8032,8077,8035,8050,8050,8046,8065,8051,8060,8081,8073,8081,8085,8119,8142,8150,8161,8152,8166,8181,8187,8172,8188,8195,8193,8194,8207,8214,8204,8200,8203,8196,8209,8216,8192,8190,8166,8118,8079,8055,8051,8047,8058,8039,8032,8037,8024,8006,8022,8005,8018,8025,8000,8015,8006,7992,7999,7990,
8014,7990,8013,8019,8026,8033,7995,8007,8007,7988,8011,8003,8003,8028,8016,7997,8027,8025,7999,8020,8024,8006,8037,8056,8041,8050,8039,8050,8081,8061,8068,8079,8102,8107,8122,8159,8165,8167,8178,8185,8158,8182,8199,8196,8186,8170,8171,8208,8213,8222,8222,8211,8221,8215,8219,8232,8187,8197,8181,8138,8106,8071,8048,8039,8062,8051,8034,8045,8014,8019,8035,8015,8016,8026,8014,8009,8015,7998,8009,8010,
8012,7992,8017,8016,8039,8034,8029,8012,8011,7997,8012,8005,8012,8011,8004,8000,8015,8015,8012,8022,8038,8016,8048,8063,8039,8072,8065,8072,8104,8101,8093,8105,8117,8142,8156,8178,8181,8178,8190,8210,8165,8185,8195,8190,8183,8152,8163,8180,8197,8214,8209,8220,8232,8217,8208,8217,8205,8221,8205,8173,8112,8094,8076,8050,8072,8068,8047,8036,8035,8034,8025,8001,8014,8013,8012,8018,8006,7988,8013,8009,
8001,8000,8019,8032,8029,8032,8026,8022,8030,7999,8014,8017,8006,8017,8011,8006,8028,8022,8020,8037,8044,8028,8033,8079,8061,8082,8094,8118,8143,8133,8124,8136,8151,8159,8164,8184,8194,8197,8195,8204,8176,8207,8207,8211,8177,8157,8177,8193,8222,8210,8219,8224,8241,8230,8223,8205,8214,8232,8224,8191,8144,8103,8080,8064,8056,8065,8043,8054,8037,8027,8028,8034,8021,8023,8015,8001,7999,8002,8017,8009,
8012,8002,8006,8006,8031,8040,8012,8011,8037,8002,8011,8002,8004,8008,8034,7997,8046,8020,8016,8029,8028,8026,8038,8073,8080,8103,8114,8135,8148,8128,8133,8137,8141,8132,8139,8182,8186,8179,8180,8204,8177,8211,8210,8212,8193,8159,8161,8191,8195,8194,8208,8220,8222,8220,8214,8226,8216,8245,8217,8223,8180,8132,8098,8072,8039,8057,8048,8038,8028,8037,8032,8014,8017,8029,8017,8005,8004,7992,8028,7992,
8001,7988,8011,8023,8029,8036,8019,8023,8026,8003,8013,7999,8017,8016,7993,7991,8014,8025,8028,8024,8030,8024,8044,8069,8076,8093,8105,8106,8115,8127,8139,8141,8129,8132,8124,8160,8152,8152,8170,8192,8190,8204,8213,8222,8211,8165,8156,8160,8151,8191,8233,8224,8230,8224,8216,8232,8223,8243,8233,8252,8211,8164,8105,8066,8042,8058,8043,8060,8041,8024,8024,8025,8023,8019,8019,8008,8022,8000,8003,8001,
8024,8000,8027,8030,8031,8038,8010,8030,8032,8017,8009,8017,8012,8024,8037,7997,8032,8005,8016,8032,8036,8029,8041,8075,8065,8072,8070,8069,8127,8129,8130,8142,8134,8130,8134,8165,8170,8181,8153,8187,8180,8218,8224,8217,8227,8182,8159,8146,8162,8200,8222,8226,8235,8208,8232,8219,8228,8252,8249,8250,8232,8167,8120,8064,8051,8063,8055,8050,8038,8024,8036,8016,8016,8015,8026,8012,8004,8006,7997,8006,
8002,7984,8013,8029,8024,8030,8023,8002,8020,8009,7994,7995,7995,8021,8021,7990,8016,8019,8025,8026,8040,8021,8054,8059,8055,8064,8041,8072,8125,8133,8146,8142,8127,8137,8140,8157,8172,8175,8195,8194,8175,8201,8205,8213,8215,8168,8144,8138,8153,8186,8196,8217,8225,8213,8218,8237,8205,8241,8233,8236,8211,8166,8118,8071,8056,8067,8049,8042,8010,8027,8042,8012,8031,8033,8008,7998,8002,8001,7988,8003,
8018,7995,8004,8019,8017,8036,8018,8004,8017,8003,8001,8007,8006,8008,8003,8003,8031,8016,8025,8022,8045,8017,8038,8060,8054,8055,8043,8048,8073,8103,8113,8100,8086,8113,8109,8160,8160,8187,8190,8204,8172,8199,8203,8199,8205,8156,8144,8145,8143,8139,8168,8167,8192,8198,8212,8215,8185,8181,8198,8211,8194,8147,8094,8053,8049,8057,8048,8041,8024,8017,8020,8012,8002,8031,8025,8012,8002,7992,7984,8009,
7998,7985,8015,8019,8018,8033,8030,8000,8018,7996,8004,8002,8002,8016,8014,8009,8026,8011,8025,8038,8007,8011,8013,8042,8031,8051,8026,8044,8066,8070,8091,8084,8071,8086,8096,8128,8167,8175,8188,8194,8178,8192,8192,8207,8205,8132,8146,8138,8127,8113,8125,8116,8124,8136,8133,8154,8146,8134,8141,8135,8135,8104,8084,8058,8039,8039,8041,8046,8033,8017,8040,8010,8020,8009,8013,8009,7993,8013,8006,7988,
8008,7977,8009,8004,8033,8041,8027,8015,8014,7999,7999,8015,8007,8018,8013,8010,8024,8010,8005,8023,8010,8024,8026,8035,8040,8059,8043,8039,8041,8055,8057,8058,8079,8066,8074,8091,8130,8141,8172,8182,8178,8185,8184,8199,8166,8129,8121,8108,8108,8089,8105,8097,8095,8106,8108,8109,8100,8112,8111,8101,8108,8093,8081,8053,8038,8042,8043,8037,8039,8009,8018,8019,8016,8008,8003,8014,8014,7981,7993,8001,
7999,7981,8022,8004,8002,8037,8008,8015,7994,8012,8010,8001,8016,8019,8001,8001,8025,8004,8007,8019,8013,8009,8024,8046,8014,8045,8031,8032,8054,8047,8070,8054,8066,8059,8062,8080,8088,8110,8146,8168,8171,8194,8188,8187,8158,8111,8096,8099,8079,8069,8096,8082,8087,8088,8095,8112,8076,8097,8083,8084,8088,8074,8073,8054,8051,8042,8028,8031,8030,8021,8010,8017,8019,8026,8004,8012,8002,7995,7998,8004,
8014,8001,8016,8014,8022,8029,8026,7999,8008,7997,7995,8006,8002,8029,8023,7996,8020,8004,8015,8011,8007,8016,8012,8050,8027,8043,8026,8030,8054,8037,8050,8037,8045,8064,8055,8066,8074,8083,8089,8115,8154,8168,8179,8162,8123,8092,8108,8090,8065,8070,8095,8067,8070,8079,8082,8090,8068,8082,8077,8056,8041,8041,8056,8042,8035,8027,8026,8038,8018,8010,8015,8008,8008,8013,8012,8010,7992,7983,7980,7994,
7996,7982,8011,8006,8014,8016,8022,8010,8002,7993,8004,8001,7994,8013,7998,7989,8021,8005,7985,8015,8000,8002,8018,8047,8030,8022,8026,8011,8042,8031,8046,8045,8035,8039,8053,8058,8068,8064,8065,8070,8082,8121,8106,8101,8084,8070,8083,8066,8061,8059,8059,8047,8064,8058,8068,8074,8054,8051,8062,8055,8045,8030,8030,8028,8019,8038,8024,8021,8032,8016,8021,7995,7992,8007,8006,7995,7997,7990,8004,7990,
8003,7993,8018,8012,8020,8033,8022,8000,8004,7994,8007,7994,8011,8015,8010,7992,8005,8004,8010,8016,8013,8014,8018,8024,8008,8038,8018,8024,8034,8026,8033,8032,8053,8033,8031,8054,8063,8044,8050,8058,8051,8072,8068,8078,8080,8066,8063,8052,8065,8056,8070,8055,8055,8063,8067,8069,8047,8057,8039,8049,8032,8008,8036,8028,8030,8035,8023,8013,8020,8014,8024,8017,8005,8012,7999,8015,8006,7991,8008,8000,
8005,7988,8007,8017,8020,8031,8017,7997,7991,7997,8011,8005,7998,8009,8020,7991,8011,8009,8003,8012,8006,8012,8013,8037,8013,8024,8007,8005,8033,8027,8042,8016,8039,8029,8024,8030,8044,8042,8038,8056,8035,8059,8038,8050,8067,8047,8058,8067,8040,8040,8053,8047,8048,8029,8027,8051,8045,8038,8031,8057,8030,8032,8041,8016,8015,8034,8012,8020,8013,8016,8027,8023,8013,8009,7998,7983,8003,7993,7999,7998,
8006,7990,8012,8007,8018,8030,8008,8005,8017,7989,8010,8009,7995,8010,8000,7994,8010,8011,7990,8010,7996,7994,8010,8033,8016,8023,8006,8003,8021,8016,8020,8018,8047,8030,8020,8032,8037,8037,8047,8033,8018,8043,8019,8041,8047,8043,8032,8045,8035,8048,8053,8042,8037,8027,8033,8037,8018,8036,8033,8031,8030,8007,8032,8010,8002,8007,8009,8012,8011,7999,7999,8001,8018,7998,8003,8002,7990,7987,7990,7986,
8014,7988,8013,8019,8014,8031,8010,7997,8006,8010,8002,8005,7995,8000,8009,8003,7997,7993,8005,8010,8017,8001,8012,8032,8009,8024,8008,7987,8036,8013,8025,8025,8011,8015,8026,8031,8039,8045,8037,8039,8039,8020,8033,8039,8049,8043,8048,8030,8042,8026,8031,8022,8047,8025,8018,8039,8017,8025,8034,8033,8037,8028,8019,8014,8028,8005,8008,8008,8012,8010,8018,7993,8003,8016,8007,8000,7998,8021,8006,7986,
7989,7998,8020,8011,8007,8029,8028,7991,7999,8006,7998,8004,8001,8007,8001,7985,8017,8007,8012,8006,8003,7993,8008,8031,8009,8008,8013,8000,8039,8004,8016,8027,8015,8009,8014,8020,8029,8033,8018,8033,8018,8028,8022,8040,8046,8044,8038,8032,8033,8034,8033,8022,8025,8029,8016,8044,8019,8024,8031,8032,8027,8030,8015,8000,8013,8006,8008,7997,8000,8008,8016,7997,8011,8003,7996,8005,7988,7989,8001,7984,
8010,7985,8008,8002,8005,8017,8007,8008,7998,8005,8008,8009,8007,8013,8001,7977,8006,8000,7999,8005,8000,7998,8020,8032,8014,8024,8017,8005,8030,8010,8012,8011,8006,8022,8012,8024,8035,8022,8045,8034,8008,8035,8029,8031,8044,8033,8036,8019,8026,8027,8020,8035,8030,8035,8010,8054,8017,8020,8018,8021,8033,8026,8038,8008,8008,8025,8010,8019,8011,7996,8005,7981,8009,8007,7991,7985,8006,7992,7985,8007,
7987,7995,8011,8010,7998,8021,8023,8004,8005,8005,8014,8005,8003,8010,8000,7991,7997,8010,8015,8002,7995,8004,8002,8027,8008,8026,8011,7990,8026,7995,8012,8006,8013,8012,8003,8032,8032,8025,8013,8029,8013,8018,8030,8043,8040,8025,8030,8017,8035,8010,8033,8009,8029,8020,8021,8037,8007,8016,8019,8021,8020,8007,8014,8015,8002,8017,7999,8015,7992,8015,8006,7991,8001,8007,7999,7989,7981,7981,8000,7995,
7992,7971,7996,8008,8024,8036,7993,7998,7998,7997,7994,7999,7998,8024,7992,7997,8020,8007,7987,8005,7990,8003,8004,8021,8005,8021,8017,7999,8017,7998,8008,8017,8020,8032,7993,8021,8041,8029,8017,8032,8011,8029,8015,8031,8021,8010,8012,8021,8020,8026,8021,8011,8021,8002,7996,8014,8026,8020,8009,8007,8012,7995,8016,8003,7996,8003,7997,7991,8010,7993,8004,7993,8018,8005,7999,7996,7989,7986,7983,7977,
8001,7984,8007,8012,8018,8021,8012,8004,7994,8004,7999,8004,8002,7994,7992,7980,8013,7998,7993,7996,8015,7982,8010,8019,8005,8026,8001,7997,8020,8008,8013,8026,8015,8000,7999,8028,8015,8028,8012,8026,8000,8014,8006,8032,8028,8015,8022,8017,8027,8008,8025,8004,8024,8022,8017,8021,8005,8000,8010,8017,8021,7993,8019,8019,8001,8010,7997,7999,8000,8002,8015,7985,8012,8007,8001,7991,7993,7979,8000,7971,
7989,7989,8007,8022,8017,8034,8011,7992,8007,7992,8012,8021,7994,8015,8007,7988,8011,8000,8008,7997,8000,8000,8004,8012,7998,8014,8018,8000,8020,8004,8008,8022,8016,8000,7999,8010,8017,8021,8026,8017,8011,8007,8008,8017,8030,8016,8004,8017,8018,8017,8021,8022,8024,8015,8000,8023,8008,8011,8010,8027,8020,8002,8002,7999,8004,8016,8012,7990,7978,8006,8008,7995,8004,8009,7993,7992,7986,7990,7975,7979,
8012,7991,8000,8014,8027,8034,8011,7988,8003,8006,7995,8007,8003,8009,7999,7996,7998,7993,8004,8006,7991,7995,8005,8023,8003,8013,8009,7992,8016,7995,8003,8017,8002,8009,8002,8016,8018,8008,8014,7994,8005,8012,8004,8008,8035,8025,8020,7991,8018,8003,8021,8009,8014,7999,8003,8003,7991,8020,8011,8005,8016,7997,8000,7992,8000,8006,8005,7991,7997,7994,8000,7997,7989,7989,7989,7978,7986,7972,7996,7973,
8010,7991,8006,8006,8015,8019,7994,7991,8019,7975,8012,7995,8007,7991,8000,7978,8024,7989,7994,8013,7997,8010,8009,8017,8003,8002,7999,7991,8012,7992,8011,8010,8008,8001,7994,8003,8008,8019,8011,8015,8010,8009,8005,8008,8023,8018,8010,8030,8023,8005,8013,7996,7996,8020,8017,8040,7999,8022,8004,8017,8003,7991,8013,8003,8009,8002,8003,8016,8003,8006,8010,7998,7994,8008,8013,7990,7977,7978,7976,7953,
8001,7986,8008,7999,8008,8033,8004,8004,8000,7998,8010,8011,8005,8006,8003,7996,8018,8007,8004,8017,8005,7979,8003,8022,7999,8002,8005,7995,8027,7984,8003,8013,8011,8007,8007,8016,8018,8006,8019,7998,8007,7999,8003,8022,8028,8016,8017,8018,7999,8011,8003,7991,8014,8013,8022,8018,7995,8024,8008,8021,8004,8006,8003,8004,8011,8019,7995,7988,7998,7982,7995,8007,8005,7997,7987,7991,7987,7972,7951,7961,
8004,7991,8018,8001,8015,8033,8019,7979,7990,7994,8004,7986,7986,8015,7999,7993,8009,8007,8008,8011,7997,7997,8006,8018,8005,8012,8004,7985,8028,8009,8000,8010,8005,8006,8005,8010,8031,8016,8014,8016,8007,8018,7992,8013,8030,8006,8002,8002,8009,7998,8009,8008,8014,8002,7997,8006,7990,8012,8000,8018,8010,7995,8010,8009,7999,7999,7998,8004,8001,7986,8010,8007,8009,8011,7983,7991,7981,7985,7982,7972,
7996,7986,7996,7998,7990,8042,8003,8006,8005,7995,7994,8005,7998,8008,8005,7981,8004,8004,8001,7995,7996,7998,8003,8016,7986,8006,7989,7995,8008,8006,8004,8013,8006,8006,7989,8016,8025,8027,8009,8013,8003,8012,7991,8019,8015,8015,8007,8019,8016,7998,8005,7993,8001,8012,7997,8023,7995,8010,8009,8012,8017,8000,7996,7999,7987,8011,7996,7997,7996,8006,8011,7990,7988,8009,7995,7997,7992,7977,7998,7973,
7995,7983,8005,8028,7996,8020,7994,7980,8001,8008,7984,8005,7994,8009,7998,7993,8009,7988,7988,8019,7983,7980,8000,8002,7986,7998,8001,7979,8018,7995,7994,7994,8012,8004,7995,8018,8021,7994,8028,7995,7988,8006,7988,8021,8041,8004,8010,8029,8016,8014,8006,8002,8007,8021,8012,8017,7992,8014,8008,8023,7997,8005,8000,8009,7997,7996,7991,7993,8001,7990,7986,7993,7981,7999,7984,7981,7968,7988,7988,7967,
8005,7987,8030,7994,8007,8034,8005,7989,7990,7998,8009,8007,8001,8002,8003,7992,8009,7976,7997,8003,7990,7997,8014,8019,7988,7990,8009,7994,8037,7999,8003,8015,8005,7989,7999,8006,8034,8009,8030,8001,8008,8011,7993,8027,8014,8015,8019,8010,8014,8002,8016,7997,8001,8015,8005,8015,7984,8009,8001,8018,8011,7983,7998,8004,8015,7996,7975,8012,7999,8007,8002,7978,7991,8004,7994,7996,7977,7963,7982,7956,
7981,7971,7999,8000,8003,8020,8017,7988,7984,7981,7993,8007,7996,8009,7982,7991,8008,8003,7995,8007,7986,7999,8012,8011,7985,8005,8008,8001,8017,7997,8003,8014,7992,8013,8003,8007,8027,8007,8018,8005,8012,7998,7998,8014,8012,8001,8017,8014,8025,8000,8010,7994,8015,8008,7991,8021,7981,8009,8006,8001,8010,8005,8002,7999,7993,7998,7986,7989,7997,7980,7996,7997,7998,7998,7981,7990,7978,7961,7970,7948,
7987,7963,7993,8017,8002,8020,8005,7995,7994,8001,7989,8004,7995,8012,7988,7984,8005,7989,7995,8003,7987,7984,7988,8019,7985,7996,8002,7980,8014,8002,8009,7999,7995,8009,8002,8018,8007,8009,8018,7998,7994,8002,8001,8017,8012,8002,8011,8022,7993,8013,8012,7999,8009,8003,8000,8021,7990,8014,8002,8008,8005,7997,7993,7996,7988,8000,7974,7990,8007,7979,8025,7982,7976,7992,7998,8009,7968,7973,7956,7921,
7965,7961,8010,7990,8012,7999,8012,7981,8020,8010,7999,8003,8008,8018,8004,7986,8006,8009,7997,7991,7991,7964,8004,8026,7999,8003,7992,7979,8016,7988,8002,7998,8008,8007,7993,8017,8014,8018,8023,8009,7989,8000,8007,8018,8020,8004,8024,8016,8020,7988,7996,8010,8005,8010,7989,8027,7991,8006,8014,8020,8005,7991,8001,8014,7997,8000,7992,8010,7993,7993,8014,7995,7997,7995,7991,7971,7987,7979,7960,7954,
7992,7975,7999,8017,8010,8012,8012,8000,8012,8012,8004,8013,7992,8010,8011,7987,8002,8000,7997,8015,7974,7979,7988,8018,7984,8013,7997,7993,8020,8003,7998,8003,8002,7989,7997,8011,8014,8024,8021,8003,7997,8020,8010,8019,8018,7995,8023,8012,8018,7999,8026,7993,8002,8023,7989,8017,7991,7991,8006,8024,8004,7993,8001,8014,7994,8011,7995,8012,7990,7993,8000,7987,7982,7995,7985,7961,7968,7971,7980,7979,
7966,7955,7999,7997,7997,8001,7999,7971,7983,8014,8008,7987,7994,8017,8004,7995,7987,7998,7997,7997,7993,7989,7998,8025,7992,8005,7999,7976,8029,7992,8009,8002,8008,7999,7998,8011,8031,8014,8016,8013,8014,8010,7998,8011,8037,8008,8023,8017,8014,8007,8011,8011,7997,7998,8001,8003,7994,8021,8009,8015,7996,7985,8014,7999,7994,7998,8005,8015,8015,7984,8000,7986,7982,7982,7990,7954,7974,7970,7966,7956,
7981,7950,7979,8014,7981,7993,8008,7998,7998,8002,8003,8001,8015,8021,8004,8001,8015,7985,8008,8010,7990,7982,8003,8014,7992,8002,8001,7983,8021,8002,7997,8000,8005,7986,8002,8026,8029,8029,8015,8003,8002,8009,7999,8026,8019,8017,8007,8017,8023,8002,8012,7998,8022,8005,8008,8020,7993,8009,8019,8005,8001,7997,8000,8004,8006,7992,8001,8011,8013,7977,8018,7967,7987,7994,7974,7960,7973,7940,7986,7969,
28.94,25.84,False,1,0,17,27,17,37